1100111011022210002200110001101121100222001001100012112220000011010111022212022201001101002000120200011000200222011002000101002220202010200010111002023322002222001444404203322003300101104042200333030001101400420220223003011014440044220033034000140044420330303340044110002203000300440404111003230303000040040444030300330000444004404330330300040040400334300330004440044443344303033340000000030043000303,
1000111444002002202211110141101022200202000014441102000222020001114132020033320210010401332203232020111004011332332322204441144414432322000204110100440320320222141011104333233302001140414422223230332014404414000032200322140404101100302003224044041000113033323304040013331030323220440333311133032223304400003400303303203300400444004030330230044440404440303032234000040033330000023340000444403022222033,
1110011000011220002200101101111002020022110101010002020020201001222200222022220011010001220002033022000101102000020030201110114102000203002211001441022002033200001004111020020332220014400220200022230211104400223332300333000040402044323000034444004444043033033000004333300303030033040443000333030000030040400444003300333044404004004303000303004004400044303303030004440440443003303044400000000030030333,
1111001022202020002201001110200020222202001000120222020000000010010220000222000000101110200000020000100101002111100022221101001001000110020010114011100200222000010441001011220233334004110401102000300044410114010022440300400110040222334333000404404402233440430004044400400340044033044000044434433303300404044043440440300040043400033340333000400434400030303003334004330333003300300340043033003300333003,
1100110010202244444211011010111244202222101000001442242200000010111104424420000210110414422420200222110014410204220220000001104122044420222000101411000022233300011144100222023220020001044000220032200211101104440333000222404404400403002220034040404403303003330344044404030033030303400043304444303030030444003300004330333040044030333343403003400004030043434003004040443304443444030044004430003333000333,
1111012211100222002201201112211000202220022210211222220200020121222014001002200200110120140010220202011041001411121322320001401101402213223301114010114101133323000140441411122220231110040414413233323200004404404333003230444404000030300222320004003333002220032240004440303333230332400040330440223330324400403000442230222040440030440433033000000440340400003030034404040400440033033344400044004400033003,
1111401220202223332201044110022002202302100401011202200223021114100101122333302010411100222032022220014400122003322000001114001011330322022210004410011132002002011040101000343322320010441011103433203301141101001034023300100411010004344230001004101103444332300010040000134333003003444004400334443303330400404404433030030040444004044330330000440004404003000033304040400440003000030040440004400333300033,
1000001110000220000210001010011120002022111011001122200022020001101102120222020201100101221102110200011001010121121020004404012101220110220040440122010220002200400001202220022200024040101101111230222204401010133103320300044111040003300033001114400444330333030001414440404300003033104110040330330030331440104443300300330010400114034433003000140404004433403300030404440443034330333044000033330344400033,
1001112220011122233210112200220201020332110021110122212032200011101011211220332001411002221121203220114441111212212023321000414444422102223244401411110110002032004044013011011203000040440033310022333000040033003033202300040400333403300332220044000004000330320044040400040033003203440044404040300030030040400440430033030304400404044330030303040004040000300003304044040044403000030340400400040300333003,
1111000002200022000200001100022002000222000010011002022220020111011010222000302001101100100202203022100001000020223330221000101100203322233310111100112133202323444404011021123202220000441002021232033004400411002212322230440440101111332000300400440300013222203040003433330013303300400333444034440330300444434004433043433040004040034303344303440000044303033400034044444043304343330340000000403044403003,
1001100200002200220211101112222022000022012222201002020002021011110012220022200011010013132000200220101010331302002020200110133133022202202200441011131444200203014411013114112202330111400031141212020301000440344112103330004440443400222030034004400034420333000040000404430203000003404044404322030303334040004043233033030040044422223300003000044224423300333030004422422433044433030340244224444040444333,
1110000022221101112211012222110121102122000121101011202221200011122211012202020211000200222120230200101111100022102300201444400111101123322210010410000122003000011104110111203300304010441012022033033041040044422333403030410434004404034333034144340000444343000340043444000404403443044043004400400334430004033344044040033400444300404404440334040040333303033344340400040300300303044344404400003330003333,
1100014040044223332201110104404022000332002211000440202232200021201104024220320211212221104244023202112120021042402223202210101222440200232022101101024002203322011411014422202320200014440104203023023001010401042033030230010100440430300332031110110440030330020300011004000330330333004401404004444430000040114044403000333000400140400333003000000440433443003303004440440334400033033344000400033333030003,
1011101110010200022201001001011122200200010010100001200202001100001101101112200000100000112322020000001000010223222022020110011122330000202200100104032020002000110110444322200200001011100400330222022011000100433033320022000011104003022002001111010044330022203310440044003022333303011400004030032300034440444044033320330300440400403003203300040004040043003222204400004444033433323040444000004444030333,
1110011001222000000201010110010200002222014110011120222200001040100202220210222011410112202111220020114100112001212000200041441011133220220004044000144133112000044011114411310020204404444043331122002200403300343001202202004330333443332233320043440034032233222004404400034320030000400433444004030303304004330044040303030340440030004303303303040404330043300300300433443304440333303344033300333330000003,
1100001010201100022201100100102211002020410111101122122220204410444122112111000244114041201022001122114411102011200001204114414441002002212040140400110002200100400004001333002020114044403334430002221104040440334033200233444044044430030023300400000433303302230040444400300300002033000040330443022233030440043304430203222204000404403302333000440044404322332230000044000043223332200044400000430322233333,
1010001000101110222210100011011100110200101000101221020020221100110112200222002000101100100220002022001101001000200220404000101001112332444044004411012123020240404414411022023022240004111444223232044400040001120030322433440402202220303440334440332020030434403000043322000344433300000444332203340003000000433042230340030004440403440033443033040044443443343330030400333033344403000340444433044333303303,
1111100001000200002200000101110002020020011101010011020200201000111001110202220010110001102000200022010110110002202200220104001011100202002311040101140122203330014411422401112030304414014424001202222311401004422002202003144111222422202233031400124404033303330301440224044030300030114042040043003000300440334044034033033340043444040343030000400434000044433000334044433033333433030044000033000044403333,
1001111010000000022201001000122022022022411100111002202232034000110020021111322341001100222120330333411101010211222302220401001121123332200044101001102230002322041014440002033023200400110402203300232241110104112220300230440010401440023002304044114414032230023004044144144332300230000414114003320330300440141040344333030000441400333404003303040414403044040330300400100444333430033344000044000303333003,
1100100000000000000201011022000220002222001012220000020200000100101022220222022001100110002020002022001000101200210021120100010112112102221101110101121121211121010011222002121102220011001200221202202044010110111102202200004144110022200330300041404440002033033044404400400020303030000400000444030300030044403330403303003304004330030433033300040334440333403000304403304003044330033040444043300443000033,
1111101022202200002200000110000220220020010011011112102000204111002224411220202044414420244210022200401441444222211020201410114401100222002014110411101112210220141004141033311102024144404401130322002204140440011013202202041111303031133020304404403330311300203040040440033300330230040004044000333223000400044040330223033244004030433022333032040440304303332032220040443330033022233344400044443003320003,
1101000101101022000201011001101010201222011011010110112110021021001000001021222011200110111101120200010222110020001200200102112200222022322000120220220200203320001112332030220223202222213220333200230200111133000302303022110044403300302333221110404330333220303304443334404032330300033304440443203303000443400040330030330000434004440033000300004040040000303330004404400044443003033344400004000030000003,
1101110011102022202201100000110020020020010000110220222000200010110120221102220211110110211121020202000012202102212000020000102021000220220010011022101100220000100101111301120022200110033303301203220001144400330202033033100404004433220033034443304404330022223304434440040030020322333430033300333033223444333443344430030034003443304333030300404404404044430330000404400444043443033044004000400000440033,
1110000010111000220200110100110010020322010011110110102203020011222200020022033211011000200022003020104001112220202232221140012210022023033004111020122330223030044401101022330330304004040013332220303040404441442233303000404040114422300300000440044403303003330000400440403300000300040000044403033000300400000003303300003004044404033003000030040400440034303330304040004040043303030344400040044400000333,
1010111000111110022211100001110202020220000111100102221020021000100021011122200210100100221100002002011011000200222202020101101011202000220000104011212202233202111441102202000332021441122200023332202244411204444030020200011442400340032202004144044443303330020041433033030300303333400433430033000303000444043444330303003000400433344033030000440444344304300300000403330343343000333344000003403344444003,
1122200020222020202201021202202202200220001212002000020000201110122202222022220000010011100202000200101111001100120300221400441220111223000014441412001220003333114104102221220300300411001220110233030004101101110110303303440011100103003000330400444101033303003300440011100311300300004404000111003303000040044041014330030044004004400444030330404440040440400330034040000400333330330340040000444400000003,
1100010012200002022211000010112000220220010011110020002020001011000010200020220010100110100222000202101333101110020220220100301100010200220201403033311100200200114403011212202220001004033330220200022001040044033202022020010040443433022020220104433340003233330011004403400030203033404000434000332303004044044404440433030044040000044044030300000044444033303003004444000004330333030340004444040003000033,
1111011100202222002201001211022201002022000110221211110020200001220221222020220200012100212002220202011011000120100330200100011010111003022010110001110010330200101000101403330220034010011004303220203040010010043302202030411141040433000203304100411440403332003040404414044030222300044411040000300333030004104004400330030344401144404433003030040444004333030330304040043334443003003340000430044033000003,
1000122002220020220211101022210022202202010110000142002000221010104441420002220210100111144200204200110001000422022242020101000222400244402000111002024444222020110101111400224203301000100444033244030310111004003323043303014010404322233300301140011043003040300301041114430334403003144400014144400330031104044411433300300301404040441130000330004440041441030333034400044411411330000344000040011003300333,
1010010001000000022210100110010111011212011001000110201121101001101000122100222211001011110202220000110411022202020002200444001111200200022040400000101120222020400444440112204200004040333030102442000200443443330343302022004030040033403022000004444044344030200004404000343400302000040000033443330002200404440033003303032204040044003300303320004004403300303022000040040330333033030044400044440030003333,
1100022202220220000201110112202200211002144411010044221102221141444111442212200004001414041201220000440114144412210022004110101100121112200040010010001100020202044111011002222002224044010114024444200044040001404420042020000044044304220322004440444043042333033040040000433023220303400434440032322303300004303333023323300300043344030230322003004044344033003033304440033303303330000040000300030000033333,
1000112200200102002210001100220221022020110101000220210202200011002221202102000201101002011121000002100010020122122220221001144122211000020011101441111222220200000100144224403302220441114042440003300004101400440403300000411104440040003300334410140040400303003040001043400403303030044401434044030030300004414340433000030343400103400303330333434044443300300330004344040330333300033344333330300000300003,
1110012222022000002201001112102002220020101000101022244200201011000110020442002010001001222004002200000111100144420022001110400111404222020210144401440224420022010140444023224430201133111034333234332011331333344300334432331131144340303433223010333443043304320233103000034443043200001000044343344302201001110400330403003011100104000344003330100001004444004430000404444404033434033344400000033303333033,
1000000011110000202211122222122211222022102101012110110020200121110120110100020201222011022212220220010010101121120022020011010222001023332200110122112202203220444001000102232003330440010012233323300041111011102322330333400144430022020304034114403433000330344340100334303330303430401133443343343440330444043404404434000004040433440433443333400044030044033300304004004404044000430040000044040004444333,
1100002022002000222201011120002220000020011000220002022222021022220022200000002211101111200202000220000100202022022020001101101200220020200000100122011022022000001101121011020202220010401011410220200000104410014223302222000104011042003303301111401104033300303000004441014400330033000000401114443033000444440444400343030040333300033303430300404430333030334303034400400300343443003340444000330440030033,
1000000000111200022211100010110002000022100001110112220002000111100022210022020000001000011100202200104401110012200200221004441100202202300001111140112212023332100040401021112232220044404010101210230244004040011022120333440404001002321230004044040011223212300000404404412311323300400004040133313303030404400403131130303344040004331133003000044044403410333030334000400444130000330340004003333033300033,
1001100110000112220211100000122001102202010111011221100200220001001001121002002011141012211211020202010401102120000220020104410112220020002200104011012000222002111104401102220020000000044100020200022204444001222033302020004004410033030220234404000103433032333240041101334443300332440441104043030330220040001444334303003300440333340334033033004044434344443003004400000443330330033344403333300033033003,
1001000111200020002210111010102022200220101001100022020220021041410111020020200210444100110000202022011114110000202333024144441222220223302044000110111020322022041114410000203022000400144101102030020040041041101100030022401444100101444333304011401011043334400040041100104430300003044410000040030333300400114444000300000340400004000333000033004440400330000300300400044003303003330044403333300330030033,
1111000222000000222200010102020220220002000011101120022202200000010010222001120001000010110202011000011100110221022210004001000112211211022240101110011221102200404440011122022230224040411400102033233204011044111122022302044144040333202233034001440330000233203340104033033000232200441404400303332320000414043303032223203340140403300303323330440040430000330222034044403030003033023340040033300000330033,
1010111101220020022211101000011200220220400101101022330220024441011013332330000241110001132223002022044011001023322022004411101103323022023311400110133033233323114410011222223020231401110011033032220304441001001113302020400401000141003230224111014441413302332044001100404030023000040000004043030223330040444400044300330004440400444003330000400400400440300030304400404000003303303040000044000033030333,
1000220102222002202210000221201002221220101110122211101100200110011020122212220010011010110111202022100100011010012020201041010141110120020210404110401200200200104040104102002022000004000041022202002004044404010111120220044004044110002202200400411414022202003304044141113020000033004411413333022330300400444011113300330304333033301030030303044033000303300300304040443033300333003044044433003000003033,
1000001111000020002211100010000001020220001011011110111202020001101414010010202211010114440110222020001014411101220020004410042022221220000240110420200012022022044104220441110222000044404044003320000304000444333303223303440040430340032030330400403344440302230000004034300330002300000040343003330223030440404400300033030300440400433300030303004004440030300330304404400433003000030344400000330333000333,
1110111011120020002200101101021222020020010000010212000200220110000122002002220001000110202222000022010001013333002000200010110100223322002001110401022323000020400144413333230222024004141322223220320244401103110332233332000441131103033022200040400100130200220044404011041132220433400040104441333244340404040100414434434404440401000414433300400040444404113430304000400000440334430344004000000403344333,
1110202222022000002210102201002020000020010121112020202202001101100120220220220211001002220202002202401001001011002000224011010111442220320240100110144402003200400100104111002032220401110141044420233304401001401403333230411104110441130002304044400140401033320004040444404411032200040003330011333033334400443300010033030004044344333003003000004003043003300333000443334403003300303344000000030030000003,
1111000022212000202200101111121122200220010002222121200220204100112001220220020241001100011022022202411001011001000200224001001100011100220041110010044010222000140140010444011033331400044440000101030014044000030333013003440404000303003330030044344003034430030304333043033440403330044003433004004300004400333400404433400300444344044344344433040040404003034340330400400040333043330044000004440000403033,
1110001100022200112210101101000220222102400101010220002021124011010002001101122040104101011101121122401440111000101222024044101401110000202304111144401022000203410004140102202222334110041001000233032244000400111002033030400440404444022230330440004400042000200300400003330023332230004404003000230020300400440003332300203004433404030300333300440330443000330030330040034333003030003344400330030330300003,
1100101111000000020210000100101111100222100111222200222020000110010020002202220001400010022200000200414440122111010220204140011201301102302214144122010313323200141144111033003232030400400001133030233304400044411103022300000444034400330200300400043330443003203044000403434430032030404400444333033322330440440303403222332004334033344332003002004334444043320033224440434333322003223240033330022200032233,
1001101110001002200211101001000010110222000101100010101020200011001110110110220001101100011002220200000010200000022000001000112212222002220011110211000203300022444042000224203222020004020222042223202200040220402433030200000444044004333002220000004404430043330244044400434330403033440404044334344300334040003043040403000004440333030340033300000403403003443000304440444333034033003040004030303340033033,
1100000101111000000210000001102020220022100111101122202200200110001002110200002001101001021100200200001010110202202202220100110011220020000201001000011020022220101100111000220200021001110044440220220211100444040044022233040104040030044400300400400033300330003304044400300333003300004334334334443030000044334443330433030004004340344040303300043344343444303030000433403430303300033344003330330030333003,
1110030022021112201210133301120221220212010311101221221211121111333310110101222000431130011011011120044311031000122221204403144310010200021100434133100110220201044401301010030332214040440333111303020140040403131033303022400404011133000030220004404013300330300240040440300303303223444004003343303030230040000334403300030300044034044300000330044400444003000003034000440003330003300344440400000000000033,
1110110002222002202211001122200002020222001100111010222020000010110001100200200000101001221000222000001041110220220002220104441002020220020211404001102200022000104001101221442020021404100110011420202201041000011014200202004411444100042000200040104001044020222244044404004422033333440400444422203222200404000333300223302040404400030033033033404004403033033003034040040430333000030040000044300003300333,
1011101000011102220211000011100010112022110010010000101100220010110011110200020001101000012222002200010001111011002202000011100010011102020011001022001000202033010002422202202020031022204040220222003312000444333200300300020040034444223303002244433033002230330044243300303333030303442043403440443330334024404400440003000004204040440033343300442000400400300433304044440404003444000340000404404443303333,
1110101100122220022211011010111300022020000010000013322200201111011111032030020200010003333222300022111011122032333222001001000112232020332210011444223322200322001012242330303330200010124204403030303300112242204333030330010011424404400330031101104424424422300041140422200240223200400144400222333322224040040303332222033304444333303320000003400334400322333330304443000433322000033040330044430330333033,
1001001110002222002210011101122212002022111001000200101120200000101112110110220000010012211010223020101111422010122330201104441041011233033301144114410123222303104000141110330200221044440403003030202014000040030303322200140044440433033200201414033044433023002001144330333402233320444040030004020003204004030330333330320240443330032220033202040003443300022322024440043403030023202240044404403333223333,
1111000220000000002210001110020222220022011000000200111022000011011102220120020001010100100021222020100010001030221203221000100113302111230210001110103021222320101100010031120023201010040110133303302000110440011030330322040011044010311112000411144344411304022244400403301133343332000404334333034430200004040440003430302200044040403334330322000400040034043033034440004440044000330340400040044044330033,
1100010000011110000201101100111002220222010010001012000220201011011101020000020200011020110022002202011010222102202202020111011120020022120240000100122000211100441110001121111212224010014442102212023004140140011220222030114441140100330002320004010441333000223200004440400003333232444403404003003223220040034333303302233044003334043030303230440404440403343332030004404044400440020344400000000440400033,
1010011000000000222210110100011110102000110110111000011102001010010010110100220001101104010022220020101414444120000022201004400001020222002014404410001202202002140400011112200020221004440033320022202041004040322023330020410000403223230002004111004403333230322040044404300222333022044040033302332203300040030344303302330000400334443030323030040043430043003300334400444033433300330340440004334003033003,
1111011122211120022200001012111020200020011112122011020200201002222112022202200211011001122020202202101100100220022000021000011040022023333201044404440223322220011101404003003200031000114403330300220314011010404303422003441001114040334400334400010444330340330000444411004004330300440001110444403303000400144440000300003004101110400333000333411144140030300330004004404443300333033044400040030030000333,
1222221111000222200210011122201011200222101102021111011002001100020200022022202200110211100222442022011012112224404020001010112244044044022014010220404204002200140111244142244020004441444011400244022201141401014022002200401410014043202200034414011144030332333204001444040032323232004440040400302022230044004033403022023344033340334433203303433004340300003330004033043330333300030040000444000000003333,
1001001111101102220211100100000112020202001001001110122000221101011101100111100200011020002222210220000100222201111202201110100011120002202000101100022022002200110101444022022233221101014110200000332000013411440233330220101134440402300033001133033403332220033300340343300300033000033430403300330033000440334400300300300300443004000033000333404000404444003330034404444004004433003044000004000440003333,
1110011000202200000210100011002200022202000100010112022020220001111011102220020000100001040100020220011000111411000200200001110104010222002040440110411010302002404000010410103020224040400114100330233340404411440330322300040441441400302003000440140411403220300004111404414430223330001033411004033323220444334110043030203204403444334330302022000443330344000332334440400033043303030040033333003330330333,
1000122020222000222210011212220002220200101122102000020020201100111002222020222004112221020112220002040101212011023330024441412102201123032210144012202212200320011040120211220330000101411122114443000301011422121040033033000144411144003003300101000441403330000011104440440440300003444400333033330003300004043003030033030000004404333400330030040044044034003033300044004404440300300044400000003333000333,
1112212022222002022210122122110002222000000112020110200002200110122010202022020211441210110223322332014401101102022323324400110103302003302241110221032220303300404012113323033000000440121012330300000004401020222303003303400414223230300003034004422433303333030344040044400300003030404044040033000030330044040003033000300304333443330003003000043443344340030030000430034404403300033044030040040003000333,
1122111001011020000210122121111001202222101112220020212200001042212022202120200201420111211222102002014221001110111002220114001100021022230044144110111202033220400104101022022332224411044012002000033000401142223330333030044110142033430030034400044433004330300300400433030400300300004443304344303033034040004443443300030304044004040030000303040044404444030330300400000400003330303044000004440003033033,
1101122220000000222201101100022000002000101000022022022202001101110220002020020210000221022020020022101002210202202232200111020110113332330214401110410000323020404110041110303032224114004441033303032041144404141113033302404114111413100000320441033014303033003244144433443030330030111404043303330000301441404434400033003044014044044030033300040144004000333000334011400044030000003340000444040333300003,
1100110001100012220211000011010022120202001011011022021110220401104100221120220004100444102112220200141004011101210202201411004030102120000014104443301021220222114110433014210220000041333444040200020001414434034040220200111404343044400232220144004330000002300004141040033033323230441110443033002332324044440033030322032204040040030033233320040044433000302302330400400030003032220344040003300003333203,
1001101222022220022211100111200012022002102110200200100202000121002202221102020001211212200212020020110221101211222022200222101122011200032011101100111020222302110100110402202200320011001004442200203201100110000400022032440110444440033202034111040000030033023004440403000333022230040044033330300033300400033044400333000040433034040330300000404433040040303000334004034033303303330344004444003300033003,
1110010011110000022200100110100220022022001000110100220200000001110001112002202201011011102202200200011000022122112002220010440422101122020011011044101102102022001100041120121022020401440412111211023304440442222012010230404040400302203330334033000443002003030043303304030020000300430303340030030330300444304333300300303000443444040333000033440333404404003330304044443340440033030044000433033333000333,
1110001100111020022201011010000100220202010101101110220220201001000110220200002210101222211200222022001112100212200020001100211022213302022211102011002033020020000100222233230220324411001123232220233204104411434320030302410441440343030330024104114334303330030241010143340000303330401101404404440303034114441110404303000304004400144403033030440000441400433000304044440440444303003340004000000040333003,
1001102220200022000211011212202222020002011022010244402022201000211102040422002011102102021114022020000110222112242044420001011112212422420211011010020122424202011001011220044422020100010410404040020200011104104443032030001000141400330303331113011044003003000300133103404030030030010303334004030300301144434403040330033300403443303330033000040333344033000303334400040433003303000044044440330003303333,
1110002211111222202201001021220220002002010110212220122202200011011011001200220000000012122212010333010000122012211100301100001022111202222310111101112012200033100014411000220222030111414441120000200310104100110220330030000041110012000303330440040011120443003004404400013334403300400404404430343330004044030440404344033004400333304443343300000400000333343403000000444430004400303344440040300333330333,
1011000001102200000210100011101100220002110011010010123222020011122011002230002211022022110223330200110210202223320002200122114420332220022004104144200033022002441144110200322022000401141222203320302241144110003300233002404013011132220034404411113333003333040004000030003300004433400004000003304403034440040033303444330304000404443443330330004004040034303300000440004044433300333044044440333030330033,
1010001110020222000210111001002002000022110001010020020002200101011011211022000210110101011210200022100101444122202200020010004110120200220211104411011002232220100044400110223300020444000310020023302200404003102200222320004000431003333033200004444311443443030244400334044344333022400003344003340322024004044333003302333004040440443300223000440440044032302030004004040403322230033340000400444332333033,
1111000020000111220201000011221210122002001000121122121002220011110200211202200001000012012122202020014011121112111022021144100100022001133204010111043202201132440110104433203220300400110004032230220304000444403023300203004440004033230333230040300304433030222300433303440443330203040434304003344433304404403330033440033004404030033000003000400004443034443330004000440003340303003040000044444033003333,
1010222110220030222211102211220233302000000111222022322202000010101101132020222240101011101322033330401001000133322322004010111411002332202204010044011220330000440104041020223033004401141112201022130000401414411110201033404404000404012113300404004444042212230304340400004422142023043344003004004422030434333030004404403004044330033004000330004340033033340003030043330330404333300344400030004440300333,
1102202202222002202201100220020002220222000111022022201120000001001120021101200010010000211012012220111011111211022200020414400222101200322204411440212210223233001411400122122030331144414301100202030011011343313333202300004113343310032223304040144401133200030340440400141302233003404040001403303300034000444114440300330304440401403003000303000000444033033003304440440040330030000340044400040033030333,
1110001111022200000211011100000202000002331100111110002222203133133222011100000231113133202012220222030131111020020020023310303001222440202031110330014004002022310013311140442020321044110333442222023310044143440400302232110114434403333033201441000433300443302244010444030044430202400011040304003002020444010044440333323000401144110030022333000444114133300222034440040444300333033040400040040003030303,
1100000010102211222210011200101122123002011022001011211233201011210011021222032210221111000201000230100122201022111222300111202111201000023000021002220202222030044210002022003033030042142200020033030344001442040233030343044414022444430344404001404442223344334044114400424024433003411414404044400300334044133334043330330000441103003343003003440141003033400330304001444033043344433044111040330444000033,
1001000011001110022210111010101101010200110101101010210211224100001100112202122244044100110020222111404001100110211112004044410100213331220000004001020100322020040404402201022332204044004420110023320044044003322222300202404004403033003320020040334330303323222340433440033030220203404303333403002330304040040344430333033304044404343330000030040333443044033030034400343330440333444340444400000044440443,
1101010001102200022201011001101220222020110110010011002020200010000122221200000000111010002112000020101001110002220202221100210211010022020310002202221111202023011112211202002020331222211100220200200310040440444202302230144040440400223000304400402224220030003340004440424240033003044400044244403303300440333330333300033000044044430003000030000044004333003303034000400403000330000344440004003303000333,
1100100102220000220201101011002000222022010111010244044002201010440102404402200010114400224404020222100100440022402202021001004402224230002010101140404422303020011141004042030330201010410044223300302011444144042322230203101114140203330300230141141442230033002311040410020003030330100404411203330033300114400033300033000314140044403300030003444140433300330330030111440003030330000344440400030003000003,
1110001000010020000201000110000100200022010011000000112202201011000011011011200010011100111000102022100000110200221120220444411022202100020040111010020223332202444010010000320230204000101113333222302004010401011113000200441104044401333022004001044041130300200004401040001330202033044114004013032200330004444044040320003004400004404403303300400400330400300330304004443033003330303344400403033300300003,
1111022110001000222200001121110011020020001101122222100222001010012111110220000011040222020012200002010444212011102000021011141122001202222040144141202222000302410441410200000003024140004222000022230241444042402220202300411404044440220303000440040333024033003304440403022244303003433344003420243430304440300334002344433340043330342224333434040443444343343034440400443343443344033344040033433344400033,
1010111101100000222211100100010020202000000110110100202202200000110110002202202001110001011120200020000011000012120022020010110111021200200201100010112012022002100111102220123300024410000100201230022004101001100223303222041014441033220300000414410013033003330000440111030003303033404041044044033300304400400044333000030300444004003003003303040004404434030030030404440443444300300344400000433303000003,
1101102000111003300201000121110002332222110111210212220233004012012122201202303041122212000110223030414102112010123232300441011021102233223040411022211200202030404001111002022333004110010001111220030040111022222020303000044404400442220333004004004044020000300340040044222003330003044244224444434300034422242403333440300304024424443044043330404422043300033003034404224000333033303340040443330330000003,
1100000111002000022201100101000020200202100101010222022220201011011000022003002010011001022002333020110001120202200300220011012220020222320000001000202200233220000111000443000233220110101011430332223300100011014433030323411044100110444333234404414440440430222004004100040400303302004401104404003033020404101044304033003204041404033043003332400410444430430400304441440333034344030041111430330334403333,
1112202220022000000210220220022022002222012111020201002200000112200200011020002201010222011010202022010020110130100200201011222110310022220011012113013103030022110110133131003330200010011033010003022001114033003133003302001040344033033303324401043044344000300240110430040044003330040144033044004444300040004444043333030004440404004400303330004044000400430030004400440004404333033344000000040043000003,
1011000002202200222211410111122102220200014110010112233000200140010012202030002240144101123223302202441441000233322202004010410002302330320041141022200323200330040412020233322003334404110202232320300040440011220223033033400044101110330033000404401101303033003044040404013300033030044044044013301003304000040040110010300340040044041011133033400400440403333130034004440004430011300040000043333440110333,
1000000110010222000211101100010102442022100110100101144022000001010011014222020000100101021040200000011101010210402000220000010112111402220010001000120044422020111011110022222444220101002222040443422010012204420404434002110122004424403330021101004404040300033200010400404003000033444404034440330333000004044433000303003000004003303330000030004440003000033333004404033300333000003340400003300330333303,
1101000011100000000201010111000020220022110011000222002022020011001021022020220001100111210000002003000110002120000200300011010221220002203011010010122022202233101000101000200003230011001011002003332200122211222200032230101011224420220020301001110420022003223011100044204400330030444404422240030330300000422404040300030000004224440443003300400440003344030300304040400440333003303044000444003300030033,
1111011001102220000210001001110220002222000011100000022200000111010010222000200010001011120200002200101110102202000020001000010220102202022010001111011020020022011100001001203330000010444110110223002244104001130123232022404404333303103222024404430040330330202303334333403030300023044434440400303002230043304004000303332300433003340033000330040444433433033000034440400043300003003340000444430000330003,
1001000000111001012201110001110121011122001011100001211222120000110001100202001011110011101112202200010444001020220220201011004012223330022010144411002322330020101404122233204402021100411233032442223000444002300020420333004333330333040022304404440004434420202300400400404344220023044004044334330220230400004403344303333004000000030343444443404444004033343300034040000444003403303344044440003344400303,
1101120200000222022211102220222221111202000111110101122210200100000010112211222001011110112200121002111010010102211212020001011101000222122000011003301011112022001001030111020220300010011300012220033311100100333320022223000333330003033002300444004003303300303340440440300030333003400040004440444430030044404400440333033000400440040044403303440404040440040300034004000004044033000340044400040044330003,
1101100000220000022211011001100220000002010001112002022200021001100022200002202011100110002022200220400122110000022020004041102222022000200004410111102200022000011410410120222020200104011401100200020311040014110130030203041440044001303302034411044000313000300340011440033133003030044440433031003303304040033340033003003040040044404330030030400400433443033003004004440330403300033340000044433300003003,
1110022220000002000200101210020202020022110110100222020220020010101033302002022000100110030022203220011002222233300232300122200333200333233010111110302233202200110000413002202200200101014113000220222000111044033300002030101004000003444402231101140444443334220310110440000300303303101410404033340330330104100440430440030001141440404443003300011044000400430330300040400004040330033044440404440403000033,
1000101110200000000211001100002200200002010010112202002220020101001120020200022000111100022022002220010000112210123030020111001002111233300200010010012223220202000001011120233322021100001001440300020200110110441430302000401110044014033033334004411114140033000304414140041044400330040114443433334003304411040334043040030011444040340403303033011440044344300330334440044403343330030040000033303300300333,
1000001000000110000211001110011100122202100010001100011202021011010000111020202201100110001221102000101040110012021020000104444011002201200001000004110220012000010444044100022202221104040440102002320344101140021220023033041101402212333003000441414442023030330011144400242022033033010400422423333003034440044202200003330300422424402303000003040242240400330000300422042204403300303344404440004400333303,
1110010002000222202201101102200000000220100110102002220220000000011002202022200010100010023020000222101111000233322203331100001112043203202300000102204023332223000111100042222033320010444111400003033200104411044000333022111010404033330030204001104440040003030040014400044440330330041440444000003003034414100403033300030340411004033000333000004441111300033003004404033331313000033040004440311133000033,
1000001222022000200211010012202202222022010111011101110002200010100010010011200001000222100101112022011020202110000220224012220121011112020040102111120122240220440110000200204422000401011102224400002000411022200423333022044401110444003003000400400104333300033040004440034443030303040040003344003330330404044444333344303004040303334444344303004403033400333033034404330444030003300044003033333000000333,
1100000011101112222210111100100101210000100014444001102102221010411011100021020201004110012220210020111041444120020022224410441114200222000040011010140230020000044011004102300022224411404441003220200004044400411132223323404000111033200032330440033322332223320300404300322233320203404043443333003220304404404300003322333044000443044033000300004033344403030330330043344330330033003044400044330000303033,
