1112002200202200222200122020022202220200010122022000000020221114444420200002202244411011220220023323040011010020022003030400441102220203303300441440124102330003440410401441023033304114140111413322003041141400441133220303044104440144110023030441401011430110231004014410112333122310004141410023222113130441414112223311313300441144003330013133440014040300030031100404440333000300310044040040303003330333,
1100001000202200022201001101102022000200101101002220002220201001010000022202032010011011101202442322011004401014442423200410404410140224320044144411441402330200141040011141443332021140044400114302202211440424011443322333441440224440223202034111044224433223333000104044422232030003010444000420233030031110040444202330330034444333340322003000334334444033320303330334303330302333300344443300330022220003,
1000010010110022202210100110110110202020101110110121020002201100000012202202200200100010120200202002011001022332000020001001110223020022002010010011133220220020144004014423002020201040444142203330202004400434402200302200400440333444230332004044000303402300302240404444033323330223040000400300344002030444033344403422233000404434433034243340000044433433432430404444000334443333444340033330340044443333,
1000111441101111002210011441120102222202111004411211000000200001411012101111122000014411012200020220001140010102022220000100044421022000022011100402122302200023410004022303322020234014400423033003220341104044243000330230441044040434440320330144000404304030200311044400043343342223044000404044344400320440404440043330032200404400043343033302040404404434440300334440000040304044400340044444000333300033,
1101220222111222220201122022112010111122000111010220212202200110101100022100200010101001001021102022101000001111201022021010001100220222300201011001020220003332110100011002003032204110444001111103020304040404444000333223044404033340300303304000404440333030033340044000400303333000400404404030300443004004000003303340433040400444403004443033004440040404404330004400404044404403033344400444004004030003,
1101112202222202002201101012200000220022010001111011022022000011102221100110220000001010022111011202000010100202202220201111011100000200202044041040111102200323404404441222202333230441114144402023023300044411104333302222444114413040344330004041011033344033000011141110340340300330144440400403440300304110044404030033030041100400440300303303400440040043030030034004440444003000303040000004000033330333,
1110441111222200000244114410221200020022014411422010200222000140114420102202000211044141021002202220010144111212233320201011104002202022300214001444200022333302040141422110032222024411411121333020300204144100113003033020004014110034430030224441100144040300033204144411404403030323111014004333303303234401140043444330302044114004040404443330410044044404033303000444044033333030003344000004444400300003,
1000010021110002222211101100221020200000000100011210222000000011000111220002222001011010002000002000111001101120202200000104410112020002000044404144420222022022411144111200203302230444114410330303323300144044103303302330044111110144330022004044004041044030002244040440414033330000440333440140000033300044443044430330003040000433000303030030040040003330330330030404444030030003033344400003000333300003,
1222022200111000020210012210222212000222011100120200122220000010001220222144022000010110212011114422110110011011222024201110000010010202224400011000101100202442011011100102202242220011044401242204420011000040012442004022110440433344244402220010440444333404300044110404004340003033444110040334443330330014444033304344030011143333444333403330100344440330344303000444340333444303003044003330004333300033,
1122022222020000200201002111002223020222110220001012333220024011001101132322320041101101101322033220400144001203223300224041404102223320320004411041100233223200014104411444440232201114040441111002320201004004404300200302141144404043222330321401400400430433003010441044440344403300101414000003040443301014144033344034030001141144334433340033044044334433400333030400403440304000300344004400403344400003,
1001111000111011200211010021100101002022010011221101011022020011122101001122000011002111101100220000010122000011002022221011120000100202000210012022222102022000110022401112223022000444424122244432003340224241044233320030442420414422440330334224440142443344330004040042224004344300444000444244043334300400000404224434433300444440442243434300440000040433334340304404044404004443030040440400003333303333,
1110100002202022200201011000102200002002001010001120222200020110100110102000200211010110011200202220004110110002202330204441144011002032220000404411100200330220440401300122203020000404103301000300222044041000310003332002000401333130000303220004010430333300300244401144430000333002004044143304400003334040441043304030030004040410400044300303040411414404003000334404114140444003330340440441110040330003,
1000000001122224442211001101101142022422001000110101440242020010110000222244420001100104444402430222001001001000442323331101100111244223232311001114022400223020101004414242220320200010411144420033220000104410222400030220001041022444033020300010414440433030033300040100433030300030444411004340300333000111440404443443300010104404334044000330101043444033033330331444330333033000030044033033000300003333,
1110111101021100022210100100111211222000010110010101221120220100100122020221120201001001220220021220011000010020224202200001100102204442200200001110102422242302001100411044200403321100004024402444232241100044222442000230440111402444223222300410441442224233203040114411424242030330441000114404440030034044440400330033300300403044033033003033440003344030330000304044403003003033030044044003330000003333,
1001101100000210202211121100020222102020001210002202111220200122211102200221202001100222200220111202001100011220222122001100111011220012200010113311001111200222101334333322202224440103440403200204420311110404302422404223040014044330444332300411104333033343433304441444040334334003000141400440044433000401411440440040303304414104000044003033044140044004044403004001404004440000330344440444040044443033,
1044400222002022200211411422112220000222041114401120022220004440011100020000200204101122202200000202411102120220202022204400121103302223020241111221331300033320144402031313033022200400403310130033020004004443110330030023001111401000033032230044441141444032322340400144010403322003440111441104044333300440014004404034300311111004440043344003040444400000430040034440400444004030344340000004040040330443,
1100111011200222200201110022212000000222100012002102220000200221120121200200020002211211122100220200011221002201002022000010210110110020202041101110110120233020400104040010220302204011044430112303302041434000311003300200414344403330303002200444334300033030002340003433404430033203044434404040300330030403440440430000030304330004040333003303033044404430303030300400440440004330003344440000044440300033,
1222221111022000222211000122122000000020010111202202220222020010044110200220200200111044142220000202110101114440233302301010014410220223023011000141102002232232001110141023334433201104411401134344032211440104010404333220014041440104440323000004441101433003222004404044044033302333440400444040000330330404333300433330330000044030330300003000044040043030000003300404044430330330303044040004003033003033,
1001110000120000222211010121110222333002001002222110020322200011101112222023230201001441011102223330014441412210020023221140111410222023223201401044133202232030441100401332322300300111040110133332223244441444011040433322411014110140444033200401134114440333002344003340104044030333404434404404440303004004434040403300300000040304400030303000004033030333003300000440303330030330333344044444000030000003,
1100011101112222000210101001102211202002101011102202110222021011010120220010020200104401011111022020000144111444442233200101114443333023322001144410030002032302001040103030440023021104040130333430230211440411440043002300144041104044433020330111400140003432022304144411404333220330440011440444432233304000104400333433200340011040444344432203044044000040043302030404404040400344333044004044400333344033,
1010011022200000000211101110200220202222000100002110200200000001122211200222000000110000122220120002010011110011001020020114001411131110222000140144403330311020000441100403033312004441410104440300122240141001404030301020411411144400303332001004040040443000022010044004004430303020144004443333433033324434430404344334300240343340340334440302333443444330343333024443343330303344443044334444033444330033,
1110001111002200002210010102202020220220101101020220220002000010112244200322202200100101142033233220000110014102232303200100101144422233033001010102222444220303010101114040024223031100100440444233023300111004400042300320110101400444020333201140114032243230322014411344322423300202443333434342230333320044443343444302220204000434034030333022440443440033344030004000433440003044303340044033044444000333,
1110002222002002200200102200112220002022000111222102022002200000101120100202200001101001201102002220011101011010200200004440114001022022220010411444113223330022011441401333022030201144111413003322302000114104440330333020001144040000030002004444144044403332200300041004433443020033444104333403300223300041444343303330320000414034403440033200441400304034430032304414443040433300303040111433044300300333,
1011110000010000222211000122222123320020010110110112230223300101010110123322332210410100122322332230114401002232223002331414401020303020203004111012003233222002410101122223323002024100001000002230020241110101111102300220040444404440303000334040400400403303303044400404004034033033000044044004340303004440004040440430330040044440004404303033044000040000433030030404400440444003000344044044000040030003,
1111000011102220010200010000012200201102011011001022002112020001101110111112222001104010010000211002014440011100102111021410041010110022022014104411221022320020141140010212233030201410040100232303332300004433022332023233000443434423022243220433334334440404432204444044433044403302000004003443340040330444044434433044403040440004333443343033440040404443033343004000444003333044433040040004444403334033,
1001002200002220022210012202002200000220101122020220200220021100111200002220202200114010220020022002010140101222002000201411440111002020222011441113012220200202044001033300002020220004041113011120000044440411311000022220000041030011443302004040411300301443233340404413033310432033404404133003003433004041114440003334033040001044340400344434044014003444334333440404443330334440443044004044433000404433,
1014010011102200002211444111011010220222141110100021102020331412222022221002233004101112000020220300414112220110220002304144010010122022023340001110122003202223411101011122232033304040100442003020030304411440422333020030440144044234303200300044140020334432033000041040220404333030040410444204044003000404114024440000330004414011103330030330004144133304433300004401404304433003000344414044404433303333,
1110010102200000002210100100102200022002000110111330220020200001100103322202202011101410442300200022100144114423302222021001401042232200002000010444333000222202000104034303003330020101043343033300300201001034404443003020011010304040403322200101140404040030020000014404040400322003011014040404043223301101104404004403303044044400040443303300004004400040033030304440400404440030003040004440000400033033,
1111001011004444400210001111014402000002011144400424022220220110110444242003020010010114222422332200100114420042233220201001014220400203302310000100004422022333100011044424220022030004101104224022003000140100042440202030101410444024022022331014104042333033203011411104003003033300040440443303034000034440440434000344303304000404044433433303400040004333443443004404400043303334400044004404440030033333,
1110222202202220002201100110202020020020140111002022000220221410001022302220220014104110233302300020141440100230323302204114401012203323300204411401102113220332441444101021130203321113341041123110222044134014441133130220413344414044301320024044341113430333220240403331033300002030044043033000333300304004404433034430330344004004400333444300400040404000443003000444004004440430030344004440040404300033,
1000001110240000002210011101022402222202110001042244200000001011100404222000002041441104402002200220414400004200020220204111444402111202002040041400410202023202144411144102203033021141414401220033002244114411011010033023041100411001333002034404404413013003322300404044333030333203444044034443200223300043330340332002223004044430432322200330040333340323003202030400004433203332220044000040300222233333,
1111001011022233022200100111333323300200110010031120230220200110133301233220200000011143112330022000011000413332222002200013334310311120022000140343103201020203001404331002212200300104400301111220203011040440333220022230101114044433222033201410044040443302302044011101400432223022404411011443323030200004001144400333000200041144111113003302040414144404403032220440041100440030030344044401104044444333,
1000012201100000022211001112201002000200014441401210002220001411144112122200122211444112212102211200410041122122111012024104012110022100212204044420112001012122044040221222001121004044042101202001212240004401113022010212444041104433200222100000411404403333211344440444033444003333040040340303403300004000443003300033033040004433340300030033404400444433330033004004000333444033300340044330304040000333,
1000110000000020200211011220022200220022101002002000002020024110022020000020222041101102202002000000400101120220020000220441010022022200220004411003311000202220040101113101122200000040144131011200223044411141313301232033004014001333112333034014444110003222030340410011003330333030044111001110430300301410010010443330330014104404044343030330411140440433403303004004400440304000300044400333330440000333,
1011101111444422040210000140440200224442110111414402220204220101441111444244402000101404442244220202001011404220002202021110114000022000202200010042222022000200111011423400320002000101104034443020222010004104430433220002111141040330322003220044411440030002030200011443330333020330044144130000030200300044141433333032330044041140440443003300404110404443433303034044404400334300003340400043330330333303,
1014101001111002020211141011101221122012044111000121101121124414044001202210210200140441112002011220011440104402020112200141110004222022211210441000440020021122104000440022320213021040444040233220030201140333444033220320414440330040223003224004044433332223032344404033434444333033000044404433330003304444040030300030000300040044330033303003404040440033000330030440404040300003033044044404443300030033,
1000011000000000110211011100010111110022011040001110002022020001400001002200203201114111100220220333010041400111002022300011144401100220330300144111102223322233440410400020023300300441114023202230330000414044223002200333441014043233004330004011444332303343303344000433032034300003004440444322343330304404004403203430033004040403320040030330044004430222404330004000443340444043033344440044440004430003,
1101012220002020000211011011220022202022100010100022333222020111011011232302002044101001022323200020414111010332202000204140100140330220022011410101403220202000014101104023223320000401100140034233222044401001403343203002041101110443432330024114404400443320302044100440440402300322404440404402223322330440222242204243223340044404220044403303000040440444000030000400400040043333033344440444400400030303,
1111001101110002202200100010110000220220000100100011002023320111001000011002203210101100111021120230100110100122211202034441441001011220020340144011101010220203411104000222202332301400144402440202303014111400044042022330141042222400222003001401400042220033003004014400402203303330004140404230223000300444144044302200330301141114000333303330011144044300300300030044040443330003303344400440044300003003,
1111011100000022002200001100022020220002001100111202220020020011000012212020222011010100100110000202011011000110022020020001100110010220202244400110110102022002411101101011100202004100100103333220020004404111344444220200440441044333000202204004000044343330200204004440404430322002044404040034030003004004040440303330333344404000403030030440000044004033444334404000440400443304433344440044440400333403,
1114440022202200002201411110112020220200144140010442202112201414011114400022122010144044411022112000001404040102211022220010040411011232000341010401401122320003411404014410023203304014040111014432303340144144001114323003044111044410442332300040440111443320323040440040144033220230440004441433232020334400004040032200330000444404443303330300000040400400330003034444004333030003303340000044403300330303,
1110001120202202202211011101202022020200000102212022020022200001012211240422000200101120211442022002001001002224220002020010010444422000220211001011000444442002100001010443303020200100014114403343033001111044004044433030104404404400430340301404400040440300430314000000440403334303144404440004004433000110400443040004300011444403334344400333141101430043334003030411014433303033303044401114400000330033,
1110001111012222022210101100000120000200010101110111022002001001100014022202202010110011142040220220000011000420442442000000110004224244002201001022224422202002011104044424200222000100040433200300002040110440332003332220401404003233322320304004403300200222330344044303332333343003004333000034434003300044404440330444330300400440040300043403440400040440333344430404440400440003040344000404440044444003,
1000100111100000022211011100021220222020100100111121202000201010010002212200220001114101002110000222001041011102122220001001401001022424022001114010441024044220104141144110404242001144104141224442202211411001044422203332441104000400002300024140444004033323003241440400404330003333011101444044033300004440114133344003003004114411304303303330041144413444403303000044000403333303003344404444000000000003,
1101110011111000042210110011022000200422110010110120022224200011101011020000420301210101244202224233012211002242204422230121102002240442443201122022004442224432000112020004024403021110122022222424332200001024440030043433111100240003333434034010111144400043444041000040404000433000414440440400444330304044044044440334433004000004000330304303040040444003003044304404400000030303033040440444440303330033,
1111000011022000222210001101101122020200010000010011002220020100111000010020420201101010220222044202440101004220224042204411100144204440044211410111140402222402114010004044434442220440101144340320200004011010443330222022404101140030030002330040044433030330223040404004303330320330404040030034002330034040433334440222330340044004040343330303044000444043433030034400404000433444333040444400444034040003,
1100011002220000202201201101102022022202012210011120022000220011222202000211120011100111220111012000444110002101010022220401002211103302000040112221001003320220444011110101113220001141004440013300022244114400400143033300040440004000433030000404044404440403030304004403334033030330404400444343303300304004040443043443003040440403043440403300040044334433404033304440043033003333000040033344444030003333,
1100000020002222000211000110222020000222001110002002022220000110011100222000022200001022220002100202000110102000021110200110110201122212012044104012112111222120440141110220144211201141441044440423332311410044040044030303014110040044033000300410404403333033033040144400400030030300411040044300033030034014004400303300300344044400443003003303004040404433303030030040004040444333033044400444044004444333,
1110000111000022200200110000100020020222010001110110222000020100011001220202002011101001212033020022440110010223000022024100112220430022020041110011240333022020140101010400003320221400104144404403332214001441010443302203141110441104330332031400011144402300323301440444114222033203114404041140232223301040401140044330333004004010433344330003440044114344334030034040400440403444300340440440044300403033,
1102200002200222200211020222202220203222010202000111001333230011002200201012223301012202022011020232010440022001122003220114222001100222332344144102221120003303044111102101220110304014400111020221013040110404041110113131404104044031010331314044040403301013013140404404330011130311040000434433033003030444004343303030333004004443003030030000404403344404344330004404434400443403030044040330044044030333,
1100110111101011122210111010100111002102010004000110201021021114440001122012212014041111100220101120004104400100021222110441140441002200211244141400401102202122111401004011100202331044111040000002022344040104022220020323040040444000022033234400440404442020323000040400043040232233400404040433402302034404004400344403030340040044044333443330040433003330334340300440443030034433430344004433000443304333,
1000000000001112222210000111101122211100011110010110200221001000100220442030222011000020244203300000101100224222230220004121112244433220220041222204204300200020410041442033002332204144411420003002032014104112444033020302041113334040003033020410044433044433030204011443033304300032040143330004330303330044403044400303003000040404400033030300444044000444404330034004404004000444033340000444400440404443,
1101110000220022002241101101111202220020410100102212200000221441001102200222220010410010111120000022114100100002202200020141440111020020200214140441010202022002141140100220222020004410444110302002000004004001030330402222004404003330344203330440444003444322220300400434440033000303040330340044340433300433433404043444340004404443440443334400404000333400033443004404444403333443330044000033300304430033,
1441222100220330222211411211002232330002041211212202323222204412002210203220200041122201102223320220140111101000230322001440440013333223002014044044411100223320000040004010332030200444040040131302300204040400040143222332400044400441430233024004000440443433003240440404040034030333404000440443340330004040400004403400033304044400000400003300040040400044003300300400004044040030003344000440440400330033,
1100000110110000202201100100112122202022010101110020200020201001100102220220200214101100000022000222141100111000002220201410110201110200220204101102211002320020403333111222023230204034443131112203332244434331330133343020003343133033100342000334034444431033422040044400333444334230444040444434434433340040004000003343443404040004403003400443040400040033343300334404400440403443300340040000044400440003,
1100002221100020002211000021121122200220100000211221020020320101111441220022233201014404113320230322011040410113223330020010414112223322222001011041220032333002010100420020322203320001014222003200333211101124402220330022101441204442230303300440410011143303303304044011444403004303441111010110434433000040444411444034433004440400440040333444000400044040043443030440040400404440030344404440444004003033,
1100100000110011111201101101110111220022010100000102202000201001110010122022002001000101101002002200010010110012220022000011114444100022020001044411104222002020010400013433232220201114111034330320302200004444343432020320440404303344322333024044433344003303000244040034344430344302004044443303433443330444000340334343300004004443433430443330004000434044333440034440440340343443030340044400433344033303,
1001210022022200222211012211122020220000101102210110112022201022211221110120202001111011220020233002100401012022023302221104412210220232200201041110102002232220010400031000200330004440440310112030303004004043101220300033040440430110210333030040040300011103030344404440333310300000000043330431333003330444000043113003303044004040401003003300004044404100330030330040000441440030003344404440044400333303,
1111000000022202200212222002222000220222010202201102000200030110200101122200223310010211010200222330000112210020020032220000121200220200323011101012202242033233000101102204422303300111000111004332222201401001044403344033444010014004043443034000011040040443330304401101430043340300044010114334403440330411001143440033400041140444113333403300404440401134443030004400404044433340330340440004400444400033,
1001102020000320000210101022200233200002010010000222322002021100101003232302022001000111033323022020001110101110230020200001010010012233020210010100131100030220111001100303002302004001101030333323023040001044400222322330400110400433233203034010004044323033030340114404042233003033044144022422330430004040404422442244333040440040020422434403040040440404004334030440440004040403040344000440444044400003,
1110001410002000022210100014102220020220010101140111200220000101101410010220203001001441110202000232114441401002202002320014014022023320023211141104022033223302014014044420023233321440014004022233222310411144004403220023111001044333403330234441004303444030300211144043430400030300440404434430433303304004004334344003003044040404433440300300004044434443303033000040340330330330030044433330330303000033,
1100001101110022220201110001102222002002100011001020112002221110110100110022200010001011101022000200010104040100233032200111044411022303332210001000411002003200144004440001220302001144414041110223203310111141400220332033004044114002332320030440401044202322333044044130022003220030004111330320003020300441034330033332202300440340433000020223440044404300300202034404000403303033300340444044440333030003,
1444011220222022200214014412220020000222141141101020022220201140104111222001120004441044212000211200404111402011102012201114001402010021002000140414442011210200001404110422012102201104041440022112120010041144403012222020144114003030101102200140044403330110030041404040400031033303414043304440333030334104403343040430000040043344333444033300044004044300303300334404444330333300300340000003330000033303,
1101110101101022220241444011222112101122410140114210121221024144110442110212211240144111412022121220411114441122010112201444411101122101200011011441040111022020011014044422022020220001100402442200020004000442220330330222044004044443033000204400040340044300020300400433033440333323004440430303430003230040004033033300302304004440043000033330040400044030303000034404400043303030003340004404400300333033,
1110022202022200002211010200220000220022001100022020220022000010101101220222020044144410112003300020044111014120033002201114001144033022022001444114111130022002410414440100030202024440100040111300000241101400444013303332110114000040130030300444040444033033000304000404043303330033040004004343444030030044404443000433303004004404044440443030040400004040003303300404400044003330300044004400440300003333,
1100022202200222020201011002200202202220010101111102000000200010000000122000020201110000001102022202100101110011222002021010144110001111200001101410044440102202014014104040044002021040401040043044202204440410404430042032400144014304302223304441411143003300322200414144033300333232000114404440003020300444404334403303223004000404033343033003004004443300434430300040403344443440033044404433300333344433,
1111000020000202222244104440220002200000044142220022202200020041411110120200222204111400011202000011444004440110021001104004411410001211100104140141110111221011411440440100121201104141111412112212033341414441122102133000404044001201023323334044000130202022300304004031332223333203040043301033322202224404403001132200200204040030311300022233433333030330333002334440403330303003330040044400003300033033,
1000220223330322002211102022322032322202001220233222333000221100011110332202220001104144430332200200010444111311300200220011414411010332022001141141441103110020400000411300331122024004440113330133020241041110001113130202410410011101031302004111444400033303202204440040444400302320400440004030333023304400044000330030203040000044003444033300044044040404343340330404440044433344403344000000400003004003,
1110110011100002202201001101100000020222010010100011110211131011001111022012122300001104001020112003001011440112200222230011004110100223333211011411301033223222011044403330303323330104043303033223200010044043402223232220144044334042330230021444334440423022330241113403344034422332441034443343434002200044343044344342220244404334043343330022000444340440344433324440040400043330332340400004400430222203,
1000000000100220022201101001111000220202010011102202002020000010100110220000200001110000112000222020001011331002020002020101011332220230220201010313020022030202411013313331000333204441113111310030032211144444013111302022444111114013303022004004440044130033002040404000411033000322044040404133000033020044044400303330030204004040003300033033040044044440300303334400440000403303000040440044440403303333,
1012222002022204022210121102222000444202101001200002222420201101122022200042202000122111002244002002011422101004420202224414440114402202200244140141040220220000014111404403003320330144014100433033203301404011144033002232010041001403003333200100404104030300302210114041004033430022110140411040004333301101044014400434444300404004404304333000004440404403344430004400044404334330033044400403334440333033,
1111001044411112220201001114001442211102100010041104224202221101000001402442200011011110114440420000001040010410400200000114411104122220222040141404440111202202444114422002211200220110114422242022200011440011444022002000404411414042303002204040114414023030233340044404140223302203404040041420030320030440400014030003333040440440143033300003440004000033000300034044040330303003330340440403330330030003,
1110000000011110002201011100111020102020001144110002222002200100441100100112200201040141011010120022014401401101100202020140011000212020222010144444042020202000411110004442202002204404411004020220222040004114404330020002044410440043032230024040104000444230333240404400333002300302440440400033023000300000404333003033003040040344044333003330404403340430303000034044043344330033303344004444334300000033,
1100000002000202022210001111122002220020011100000202200322320010111102120233223300140014110202303230010411040112022033221114014441402033000000041101144223233033011144111424422303000100114442224232230001001414020420322330001014114042223003030011040144402322203311010440000443200330010140004404432330004100404044004303033341044044004404330003441140044040444004300044111004400040043344404444400444044433,
1100100110000020222211001010102002220200001110012220200200220100010100200220022201100101100222402000101001100220444222001101010012440040203301010011122400020203010140001004222202031044440404040000230311011044044044322030011404044044043323330004440333000430323044400044003300303222004000430303330330020040044333404440030004044004404433043330040444333334304430004433334444433033433340444400033403344433,
1111000000222000220200010221110200002022101010220012000220201110110211102220002044001011222212202200440414110001110020000404441011102100020000401101210020112222044410110222022203304004001011033302003040404410101330002330044040011444030022034400411004333302203300004110430400333300000404414044030300330444044144043300003000040011140403033030004044444040403303000040000004443300033344400444404033033003,
1000202211122000002210002112221202200020102020011122020020201222022101000220202010001112202000022200011121021222002000200001222310202224402201013333133302004023111011113032202440230100001333222022040310110331311032024430101133111311300404431001030013334444033311001104014433333003404101040044400003304041100444000044443040441140004004004330040404404404440334440400440000040030343344400044444033330333,
1100000000011100222201001101111011020000010101102122201200221011010222120212200210000011211202210220100000010010021002200001101100022012002000101102222022122202011040112033201032021144401102330220033244111444422322022302411401111020300223320444340013243444442304033403334443022233004344434434330333034444333440330330033000334404000444030003003344404404040300030444000404404303300344004444040333300003,
1000111001111000020201001100010002220222111100110011122120000000110111012101200000010104400121012000011101040020210120200144140440220010020044041040000220110200401110444020440020234000010042224422202304041104024402444223440401044404422433234004441400004203300340400010444404230330044004443334042200304040004430033330003340404400033003003300400443303303303330334000403300030300003340000030333000003303,
1440444042000021112210441400422022221220101114114002011121121101411142221022201004441440401110200200111410040100120002001441144411000222022044001401101002000020404441144112203030020400411441422003300244404041144200330002400414441110230033300404411130012330003004044001322120303303044333310312200303030040031333111003030304040413003313330300044404103033310000304000441330001113033044440410033331333033,
1000000411200001102210010014112221110020101011114411120002201011022224101222211101001000422221111210111010444042022212120014411040444230202244414010043042332200001140114432243402020010044040322443002011004400403033433220011040440403303033200410044044300330023344404040040220022233040040000400222023000044404000333330033344000443330000033003404404404033033300304004000443330000003040440000400033000033,
1101111000111000022201100010222122200200100111011212200220221001000010101202220210000000110112200020010011010011220022001110010101220022000010011011122003200000011101222033332200204440014203022200222200400142033444433300004001400303333440004401104030443044030004011040304403334330440444034004034443340044030344400433344344033033340044304333404334444344343440304044404033433344330340400000344030333033,
1100100100101100022211101011022110022002400111212201022202024044222121102000022014142112121122202003141401221200110022331410012312002103233014100103012221333200140110131100200232224111011331000222232040443331133303303332433443404103300302204334034441114443020004433433044100430220040344434400334320004433043343033432223300440004033444302023000444044440343444234440004000043343333044000444400033440303,
1011001110011110200211011010011202002202110000102202220002020011110022000022020200001010002200022020000100110220002020220101144110022020022011101044222420002002100014002442022223220011044424233000003211010402042323333032101100422423200003330140144220422333300014411144004330300303141444004443040003031411104400334400033040401444000440300030404441004440303333004400411140433300003040440033333030333033,
1102222000020020000201002002220222000222110000111220202020024011110221110122200341001012011011100213411100120202222022130401010022124002211344144122021042201303411411101114442113300411440144411112223304404410401300333300440430110411330030330004344114010303003000443400044403430003040434404003344300330400430440034043303304404344043343340300404043033444330303304404403303340303030344000444443330333003,
1011100100010102002211000101000111222020010001100010200200200100000101122220220010110001101144444222110100001044112224441001001104011102322201000001044400023202144044411024002030001400411444422220322014404110422444022333100400440422340200031444044020203033230340040403220030332330440040330220030023004044404330003303230004040440030300303222040004044333033032300404040440003303323044044000403300030333,
1100100000011110000200111011100010220222000401000111022020000004011110113333202201141000022213220220101411002011103220200141100222001330200011444040442222300220101104440403232223200011004334403332233344404430330443233203004004344433342032224043043040304423320304030433404330220003044333440444333022234400444333334442200300440034444030200330440443304000330330004400400333033033033040000444440000300333,
1111222111022000202200012212000220020220111211122220002202021012221010022020233201411244110020202232114011414120200223320044141142220220302304114010111002333022441444101101322030334010400404403332230001040444004403230300011400400004222303000104440044403323030040100044044030330033401441040004030030034114111400040303330340144104004443300030400114404003030000300444040444433003303344004400000330003303,
1000000111000000022211000110010022000020010011012122202200200100100122100120220010110110020101112002100101200011101020221001122211220002002202222111211022022200244404414221122002302041111440201020003020400040402112033303240444404320020003032440000433022200230344044044300003222203000404400332223333030044000444303303003004004000040303303330040044000403303000034400440000330300033340040044444003333003,
1022211030222022220211121222333322320022001210232222333322000101100323332440202011000222111324422022101102112103222442021001211100223342422001012000112233424220014121110114443433324142101040014303322241421014440433300020414211204044440303334042122404000003303304112244044440003300041044044000044300300444044004333433033000000040044344303033000444044003000333000440400044403330303044404000000030000033,
1000010101110020222201000101101002220200411110110221110000204004010011211002202041141141010221220222401414410112112020034014140100021202223204410041001202202332440110401110202032324004004430122002323204400404330022023220440444034442003300200400040344244403020040400040302224030222404000403334040033324040044004344340330000440040040333444030440040044030343000330404440400304433330344004044003334000003,
1440011220000022202214011010220022000022104100110022020022021441044444220022200014144110113332030200011441110113222302221141144401032332303204401240422233223030004114224202030230300040010220203002033004041110202333233000041441011022312330030411440011101330303304410040400110330303111411444114104443004144001114144403033041440400040400330030440044044400430003000044044000444030033344400000004000333003,
1100001112221100022200110012120212020220001101022001200220004010111211102220220040010021102201200020411114222002010230230444411112101102032300111440121102220323401001040110111020334014010400444040230040044104404040422300401041404004044243304011144404442224430004401040300402333030044404003440023303300000444434303322030344040333443303322323404440303344423232234000404330334223302340000444303340230023,
1400011144402222202211444001042204444020114114100420422220200011441442244402002001441414044242202200110411441442242200000110141111223440220200010424021330422022110104244213000200021101042402203330222000110424200203002000110010422044203320031401044044042033003344414411114423003300104111444403330330031114441134300303000310441113303030303330041144430330303030034410400300303030033044114000000000330333,
1000101110000000000211000112211111011002101110220200221101121012102102202212010201022201100201021102011200110112010200201010222210020112202010011100102010230220140110111022112030024440000444202220302204000400424444423332004404440222330322020004400400020033344000040000444422034330444044440433422044334000403330344004034340000430034404440330040044044333030403304400404400303333444344004333330044443333,
1111000112011010000200100011222101122022010110010211221202201100111011222422000200122200024440442000001010222242240222200111000100220420000244441111000444200002000144404440022000200011100440044402202211010040300404222020011044403000033002020001040033300300022201114033004330333330400040034440330044004440434343044444043040044344330000003340004003433033303304400440433444000333043044044440440000003333,
1100001011000022202211000011010200000220010110102112220220020010110022002000022211144440211002022000014111041221122020031040014412021200023310401011122112022203114011000142203332030140101140422230303000141414442003222330441444040023330022334111014344200003332240401143442333303022404114433323002003330444043444322220033040004030443033033000044040340033003303004404403444030300033040004030040033003033,
1111000000111222221244410022221221011102041011101122111010224014001101120122220041414400222022120020414144042402201000224141104424200010220040010042442002100220044010420020022330200041100442200202320240440111440220223222440041333430202230330400410443332233003000004440422233233030440400044040330030034004404004440033033340040040033433300300400404440033400330300440400043044403033344404004430040300003,
1110040001000222000244104400112220202222441440011010102003030141111000111200030311444101110022200330010040011010002003030014044401102203300011144004010022023203400100040122003232334411044112120033223004144401220220332030004111102020022233000444000100220233233040404401020020230300400040410220222000300040441102204044403040440144444044040430404401000004403404304401101110400333440340011004444000303333,
1110001101120022022210101110102222020002012100011000002202021121011010220200222001210110222111102002012112220112022200224442211000122002002000421131110202002200004013331220023222331114313012003034403010443113323330343033144031133230033433004101103113040443300040110040134443340300410440401334034043304144044400433044430041040000404444030300044000444400003330300404440000444044403344044044440044040033,
