1000000110010111122210001010001110222002111011100001020022020001000111102202002000011444401001022024010110111401110020240110010044401022002401000140040002202442010011444044424424221001401040044024042210011404044222404240144044044044424442441404404434222403322414000003340444030200040033030440043320004330003004333344222040330330004443440200430300033334303300334330333034433303330343303000000300300033,
1010100111212220020210100100122102000202101101101201200020221010101102112200020001001000112210220200010110011102102202000101010244223120220001001112224431110022010102202044331312201001022440400433110210114042440440303102140440420404030330120404044240440300311204040342440043011302044003044344430133004334434003004011003043340340030333000030430443444334303303304033003334443403303040033344403344430003,
1002220220100222202210002122011020000220011201200122202220200122210221200200000200121102221002020022011100444111220222000010111414412020002000000101111400222200101101044401444300201101100411144003022011040400444114330020040404440441140300230404404011144430020304040404414003300203044044040344403022234004400443433300333240430033300330330032404333000330003000304043003000330003000340400033300000003333,
1110100022211022022210011002011010220200010210220101120033200102221211222200332201421111221100222232014122221100111233301041044410442120223011410104104421220203041411141004220220234414414144420230002340110404040443302223044144040404340330300414404400440443033304100404040044030000041004404404000300334010040040444030330040144040400430330300400110400440330303034011004400403030303340000000044030333033,
1100000000000220000201101110011102220022010010000121200322000010011110222033322000011001011033230240011101000113222420400000010200132044204210111002222302422242114410444432222444200140140040334400402010044044044434440022104044044004330042021040404043040344404000400044034003430444044330443344403300404003300003400443340043300303300333344433430330330303444303304330303003304043300340003300033000030333,
1001000010220022202210011100102220020120110000101000022111200100011412222022212000101144142000111212011100414102210222121000111141220114211210110040411122144212144114440222114222021441014044411142443301044104044040442230104044040004440223321140040404040042022304400044043333444203040330004400034002334033033304333033330340000300334440000030400303000330404400334003300300304040030340330003330304400303,
1000000111020202300211101110000222023022010010001110112232201011000010010100230240011000101120022322401010110011220223204010011001002020032041110004411000223202144011140144440432201440010441411144332340044440041143334233404040044400433032030440004040444040333004044040040334400300040404440443440440304044000034430044333040333033330303334030403003000030334443004030033000330400033040000030030044433033,
1111100012202110202200000111020021122202000010010220021211020011100010022221102000010000111011102220011011001001100000200441411001124222220204114414412224440442014140441044403440420141004111404033004241044400400403030220404040444404422302204040403000442232020040400030440243322022044040334432444330234004443043323343022343334003034334332003403434433440340033304034344334044430030040043330033330333033,
1110110002202002200201011100020220202202010000111022022020220011000022444200002000100000241124442200011001102441242202021001110111122244420211100010104400424202000101110004440220200101101044400042000211014144004044000402141044040040400444220414403404044040340204410434043304403300041104300430440440334031133034330044403343333003334433033303400003303034433030004333003303330030303043003300030030000333,
1001110110122220202211100001011200044220010111100120222240200010000112244404220001100111020404042202011010221122404402020001102022244422202000101021404242020220011010014042224440021101011140444004422233040404040004433200343440440404440043330434044044403044430004340334003333040300044333044300003330004004403433300030300040443030300300030333433303330003003300304330300000330330000040003333000000033333,
1001222221102220222211011001122200000002101001110020222202201011100011200200220201001000121110200200010101001220122000223101104401221002022031013040111001122002300333441044441120023030311144000401200003344404144040220222434344041040440202004343004414044002203004403004140004200030043330401444022230334044434440333303303043040330434003000300433433433343303330334033444043430030003340003334440330300003,
1000000001011101022210001110111220111220110110014442021221121010011101044221201201101000114422012112011001101022440100221001104222424241120010021442042242420223101211420444222002031011222440040300444300040442444043040403040440422004430404030404404200443444333004422042440030000300040022200443303303004030303304030303300040303303404003300000400300434440330000334030344433334430003340333040444404333303,
1100000011010000000211001011101122222022010101000012111102201001110100020420200011100011010224422440000001101101114224400001100001122224422200011044104000042200011001411114444200221000114044222422230010044404224442020033104044042400422033301040004404404023000010400040440403330000044044033334443003304003040003433403303040334433344330300033430300304434303000004330303003340330000040303300334440033333,
1101110022020022202210001000220202200020112221120022200202200011212202000002200011211211022000202200122122112020022200201022020102020000022010011214122202000220001101141110022220024440001404144403330240044410414304004344040441444143040443400440010414430044344004040141140033033000040401414143030300004044414144430300333340001044003303000300433114033300303330034311443300333003033340333344443003303003,
1110000111122000022211000110220220002022001110022020000022000110222111202200020000010001002020220202000111101122022020220010000112000020200211110110211102002230004440102141222203300141110002144433300011141044424144030330041444004241000340330440404242411130400304033042244034334000043003442204344340034330333400443334333043040443344344043303434440430333404300334004044334344043330340003330444004440003,
1100100110011011222210001110111011002000110010444044402202200011004111140204220211010041000402240200111011140440022420000001441414404404220001114041140004402022131004441044404020021331114010404002002210344401440222420000144334404042442202000400430440443420022204034330004334022002040340330343302200004003344430044330233040030340304403322303400033033304302332034333033000333220320340030000003000233203,
1110110102220000022200101001110022000020101001100222002020200101110002002202220001100011100224424420011001022220020440221001114400202202244211000140440202022442101114110442204442201001001104022440220001104404404400042422140443444040444404021404033004433003444314404340400340343303140043444334443403034033403334330344033043334300340033303000400033000444040333004000033003304440303343333003330004044433,
1100100011220222002201001000122020002220001110001002200000021100011100202002202211001100122002002202000000121224400020020011011221442222032001101121114044003020101444200103340332231100411114334430300310140144414433303030141404411444030000330414401141114033003004140044404440033300044114040040033044334001043333344333040340110444004334444003410040004443433303304114440400434400303041004004440304033033,
1000111101111222002211110100122201112020222010111244221220220020102120402220020001211222114400022220011220200411022000020010201144112002002200012010414422422202110121104144024442001011100101040200402000044044404044440422044044043444040044420404040433433043334004040030343343340300040433440403434440004004333404440433300343304443330044303033400343300330434403304333303300033344000340000000333003003333,
1111000100002000222201001001010022020020000111001101020220021110010010010020022000110011011102200220010041110222002000200114440010002202200001011144120200220000101004401222002022201100040010333303020044044044440434330233404044004044403220300440404404040032203304040044340003033300040444043403334430004004003334403040303040303300400300440330433030304443340303004003303330430400300040000000033444003333,
1112221011120220022200102211020220022002010111211220200202021000102221120022002010001021021202000020011001011212022000220101110102124422000211401001444114402200044401104110114323300041114040144403233011144404004004423223144144040444422232031411004440030020320304110433344033330203040004443404404430034043334034404044333040443000033344034443403303033434330334334030333034343330330343300030004400000003,
1101111001112022022201100100101120200200012010111000022020001022100201022000220010121222111022020220101120020001212200021101221122011122111200012114202222112212011214014444020120100122144040004440220211240404044404403320042440444034433303200440440433330330002004040033444030033023040433033404330000234334033434043030030343343004400343003330404333440433433303004044430004344044300040004004443004403333,
1110111002202200202201222212022200022020001111222000202002200100101210002220200011100110101100012200001001011100111202201101010004110110200001411004401220022220114410044110222430020411044040444404322244144044040400400333404140040443304330300441404044034440303004014040034430033000041004440343333003304111400333440003003340144430443333000030433040304340030333004330303343444033003343033300030040000033,
1100111001111220000211000110102212200202001010001110211222020011100010002221102000000111011102021122011010010444244221220010110104022402021010110144042200442111014010144044440422001141101110402244020210044440040424222022104040044404402033200440040400440020332004004440440040003003040404004404433303304004003040443300030040444033000340330303403033030333433003034333030030034030303340003300300040033003,
1011110000111200322210010010110002203002111011101112002232020001044100022233022004011141122002330020040144110200332233200414414402200322233204100110440403300222400100114044400323024411010044343333232040144404033344422320044144043434222023200411104434034442032304000141443334344433041101110404343004304010100440444333043040011140404034403300411010404400334433034110014403034434030340000111133344000033,
1000000111100220000211101100100100020020010111000111000220201010001110010000022011441144122022222020014414112202040442001011440124424440420011411141444222404200144044412224442202000140004020240402202001044004444040420022144044404304403320201404000303440430230014044403303034302330140004030303343000334044403003003303330043400330033300330000434003003000330033004300300030033300303340333303330000003003,
1100010022001011112200101100002211002220001010111112110200020111000002212222000200001110102211102022011101011112001220001100102222202221244200001104004421112420001100044404214442220110111400440222400341044440440040433403404004044044433444034040400400400300430340404400400443043330044340404044430430034003044044033444033040333433043030004330400443303330033343004033344030030303403040000440003330003333,
1110111010104220402211011001101144204020001000001101142240200010000100124244020011100111011242440200000110012212422002204441022020124020020041411002044422002003011441122242220020334440101204200022200340111410422404003203040444144024040033300404014404440403003004434100400044033000040344104404004330004043443440443444033340443033004333400030403330030343043333004300033033344430000043000300030304033333,
1000011100000202002210000102222002020222011110110002201220000401001122202212020244401101020121112022141110220211122220001044410220100110020011141110200110110222444144411110102220024041111004000102000011144440404404403330044040044040404434030404000404404404340304040404000443334443040404404440034433304004044043343443300340333000403433300303400303333033030333034330303003003000030343003000000033330003,
1111022222000222012244101000002202111020144110011102211000201014110102121222002001140010021112020202001041102202211022020104440112022110202041104000102020002000411004441022022202224441140410422033020000141140440444334200041404443440044340220414400430400334440204043440340334403330044034430444343030004033343330040333033043444344433003003300404333043033303300004003003333000330300040000000000003003333,
1001121112220220222211101222120022020000000110121211200200200010011121121112202200122122002221020220011122111144421000020222001044114200220211101104111022202022000111444044440002004440001403334044220040044410404433342202404004404404434400220040400440404303402000404400040004344020044334044433443442024330333403303330022243030043300300033330430333433003303030004300034303000330030040000040030000300333,
1111000000011100022200001111100011022000100100000111000222001101000100010020012210010001114102221100011011104422111120201100001124202201222000144404422024221100041114040044042122220441040440444020000000404000040333240440040040404443344440400404404043344333004404040444004434303300044000000040340303304003330030333443003043030033334443030000433003444434030300004000333033303300333340003000300030030003,
1101111022202202222211100001020220200000000100011002002202200001011010002002020000112222002221202200110100112212012000221000110111011122200210110100002222000220101001001023303222420100001113344033444001144410434344434334014144044040300433440041004404443004303400410400400334440433044144404400300044434001004040430333340340104400400303044330411040440443004433434011404400430333434340001110044303034433,
1000100000002000022210001222002222022022101012002200002202001011020002111020020010110011012122000200010001101022022202200111100012202000200210000110110022242444101110101044404442241101011333004404022001014044344400404444140444043404034400041440040443334334400004334040334030300444043340444044330034304003404034343033343040304003343300444330433304443344330440304030333300343440030340000000330334400333,
1000110001100200000211101101001122220202001010111101000022020001022222022202202200010011002002200200100110101121000202001100100110210222020010110110202120202022001001102212244440220011000111124243002011044404422112243342404004404240124434424040400442441440334040404440044143344433044040044000433443304304000040444043303043444030440003430300430404330044433003034030443300334344330340333300330334403033,
1100010022200022002201100100200020220002010110112002220000221000101202200202220311001100002000200233010000111000002033030100000102202200003000111110112202220030114400010144404444300140111401004400043001040140410400440030140441444004030433001440441104443304433014040011400033000300140444004433403330304111433344034003000043303304334340030330403300040343403033004000304443340030303340003300044403300033,
1111021111121111220210001122202222122202011100002201112000220010222200122022220000011010221202033033011100112011022433030000110221004024232300001100114442042223111101011040022243320000001004044424433200044000404040422032040444004040404003000440004440400440330304304433044004040303040333444003334403034043003343343440003040443334334443003330400400444340033300304330333330344443030340330000003300000333,
1001110000002220032211121102002200022320102220122202200333234111211002030222223341401210202333030030144012212220223333221400120200022022223201441022000200002030114010221111444203301440011124104042030001144404114400023003114044041414404233300140114414140040300004401014141044400333040114114414000330304010044433443003000341140400344030033003414440330004303000034104003334443033000340003344433303300003,
1011100220010022002211022202002122200220101021202221110220201010112101202211200001011021110222012020011000200011002102000010101111012222121000101100010011112111000114111044440022100110040100400222022011044044440042042002004044034044420420320040040334040444230204400040344333322300040330330443404443334043433433344403340040444034443343033440403003040344333430404033034333340444033340033444000440000303,
1112222022000200402211001102202202004420001110110120020024200100221012244422224401110210110222440024000100220112202404240110122112210220444001001202221103220404014011333344433322240144144443443402332410404104340033433024140041003444304044401404410443403444334014040011430443003043144101144304033300334001144330440003030340014433440033303330411040303300303030034010330003330000033041103300000033330333,
1100011001111022200201101141100100200222001000410122002000000001014141112200022011011141420120200022011044144222110000020101441124202122222000010001224222111332110111010244203331221110001011114440312200044404440434403211040400440044330322110404040004044033233304400444040003032033040440043404400303004004004034404400330040044043330404003030400004440034303300304000403000333030003340044433330003300003,
1101222204444022000201221000220024220222010211120022244020000122100201142420220200110022111442220202001100214441112120221100144144014211200201011141104402212020110010414404420022020011011440004022303200144011044402422332040041414400424020320404414411444242030204401441104304422300040013303403002203334033130334443330300040301303043340033330400303003330433000034033303300444030000340030333440003300033,
1111001222000022000200001112202222022022000000100112110202200101110111011021000001011010001010210020401001100011022102204100010444101211002041011011141011202200410100041402221220220441044010440211123044004044040402001233404043404404432202030440430404000320220304044344040443330330040003440033344400334030030044434340030343333033043443330300400000033433343033034003333043403403003340000030444044030033,
1100111112000022202201110000020022020220000011110202200200021100014442002020202210111014024440202022000001114422422302000001104144242023022240141144114420322002401444141411232020004014001014112333200040114404414442230200040040441442223442330404401411140333423004400111441404344033040114104404334333004011144040443343000041004044000344430000410444000033003433334111430033003334300040000333033003040333,
1101011122200000000210110222120220220222000110001002022020021110010010422444220000100100114442224444010001110000424422221101100014440200000201011000042224442220100101111402242244201110140000440220044200141044440442424002040444000404044040220404004433334404432004404044000300040333040444340030333030304000403003330030300340443330300000033033404344433003303030304044040003330030030340000033300000000333,
1110000122220000022210101011011122222020000111010022111100200001000011212000020001100044411022200222001101101402000220200101011014420333220211101001114202223302014411444422323233020044110111443003203311114011441134433300140041404440304003000440411433343440003004044044034443330330040004403004034300334004400433034440330040040004443304344340404404040330333343404000040044404440344040000444004404003333,
1110111022220202220200100001110020002022101000010000220200201101111000220022220010010001110222000022011011222110002202200000112212222200202001001444111000002300010104414141111023331110001144044102230200004004404044113222044040400040141133320404404044401134030004040444000441343000040040004404033433304000404040440343444040004040440044433400404040440334030303304044004043343303000340040004430330303333,
1110011011022200000210101104110202002002000101440011102220021111004111010200020200001114410122000220001001144144200020221110104014402020220010011041140202202022411004414144402202004141110000404300222241401040440403320000140444404044432200301443330440340340333004344433044334443000043040030443430403004030403303434330030040330444330443033300400004003034003000334004040303303330003340444003303300303303,
1020110000000220022210200120022002022000112110222022202202220122112101000200020012112211011022000030120021100112020220301200220110042022033302100010104022023004021011101444220033042011010100400022304022140440440444403040240440440440004303432404404333434403334304400330343334440430340334330444300044334333044304000333330340003434404034004430403330340043344404304000003440444334043040000030000033300033,
1000111010202002202210001001122200024022110100001100200244201011000100222002424401101011010024442224100110010144422424400001011001042202424400010001100420024200111011012022444242220110101122040442000010040404244040024443140404442404440443301404403244040043340314040032203334433403044003330030443444034033300030300330303343030000330330033300430033003033000030304303300030030333003343030333000000030003,
1100011001002020002201100110001022200002001001010111010200020100001100101120222001100001100001210202001011100100012120021101010041111011200000010044404422202220011100400442442200004440111440422200220040404141440423330220040441411403303020000404404040330232222004433440430302233300040343344300300230004033433403033332033343004443300000222033430400030333300003004044430030000330030040040333000033000333,
1100000001022200222200111001110020220000110001002122002000201101110112200020222000101011002000202444011041002202220442431414411112101244220344141000011012422443004010444101142442434440100441444224424340041440341140202230040440443410402023300404334344422233322204040334000230302322044044340330303023304004334403033322030040043340330002200300400430030033330230034334033300000032303340333030000333323303,
1111100221110000002200000110210002220020001001011212211020200010100110221102220011011004144102200020011011044111442002201010000014014422002211010444144422444200101114011004020402440001040144404240044011144044140402444222104044041404002002201040040410440222200204404034311404044402043444303110444044024033433303330340003240033440003033044433403000403300303330334000344330330000030040033330300300000333,
1011000000002202200211012220222000220222101100022002220003330100111000122022223211100010010002333322010100100102022232330011010001222020220300100100010211422023110101101011144333321411000111404403022214044414010403303200104144144004330330030041114404440030033000404100400040300033044044404044433000304000400440400300030040040004000400033300400404404044030300334004040444040330303040040440400403303033,
1010222200010000222211101112111020020000000101012020200202200001440122202002200001114041100202002022444011441022200202220104414001100222203011014104441100044233001141040400444022300101144040442242232301044144040442433323104041040404002322231443411044004222003014334033340442002203143004330334430320334003344430300333203040330400303030003030403033330303333033004300000003000003303343333000033300000003,
1111000020024400022200010112222442200200101011200042220202001011002222044442202010102200002022244022101001112220210400200101101211210114420001000122110110412220014011241011444100200141100401004001020001404440404404444204040440044404400042040440004040404033044404004443304404030300040403403344044433034044433303003340030340333430003334303003400004400304443330034330333330333300033040330000000030330333,
1010020221111011022211100221122101122002000114010202222120020011141102210211200001044100111101102000010441010200022002220140110110222022202001441041002444033332104144401042200302221101400444223330302000140443342430003303041404430404300303300414434340440333400304043334404003004303044034434433300043034033043333430330430340300440004403343030403340004004404430304004440044400433443340004000400444344003,
1222211111220002022212001222221220020200100111001112000200201010010222202220222241101011100221020003410110101224010220234010100221240102202340110112110411000203144100022411443333031441044441110044403011144041144044043330004140014044040403000040401144040440403004404333443040044430040433443333400403334044404300444033300040040044330004033000404004003033443003304044044030433430030340000040304443300003,
1110000001110021112200010000100112221222001101101000010120000110110110220111222200000100002022224444100110020220044422201001011220444042442210010112400044024400100122121444002202221010022114400440200001144441400440442220104104044404033420024041400400443322033340404440443032333230044040004033222332004033333044030232223043000003303020303330430000030332203303034300000300030232000340000003033002220033,
1001111102112202000211100000222100222022100011110112112442200111012221120112244010110010020222122242110010111220112044220120100121110222242022201012221011104420111212202400444422400011224440440040234411044424040444022340144004240440003303331403042004404044300004330022400440403000040304044044044033004330444044033304003043300403003304443330400330330300333343004000303030000034403340003300330333040333,
1111101100011100022200000111010012110020001110001111220122001100001102200220022210000110110224422000110110100022004420220441010222044400202040412220420044002002410120444244002202224110004333344402200240104400404333402000041440444343004202000441400043434443322204011103344033343002040103334004334432204044111033340440322040433010130333340330404430101344434433034330300110333434303040330333330444330333,
1000111011002200002210110001001110222202110101110110220000021001100012202200220200100111120200022020011100002112220000200100111120100020022010122220211002200200041121100244442200221441121122204000202211144222440404442002144044424044404022200404333443004042000204040030034402220303040444033044034203334033033433343433300040330344044334443000430033404434433030004334443040334033033040304333303440030333,
1110120001010221122200011200111002211020000112112222111222020110212211110102202201000102202201001002014441110220221110020101044202444220222010114402242242022440140422244044004440401444202040044404404010224044044000433340142044044040444044330424433340440043443004403403000333033343043334003330033003434000344430003000303040334330303333033300403444330300003003004033404033000330300040000444030033003333,
1100100010200000020201000111102220200222010010000110022020000011110000102200202011000000011200222022110101101022224442001011100112444422020000001001224222444200000104412404440442000001104020000402244001100404044404024240141144044004402242441404404400433444222014400000404443340002040033344040334303304003003343330343003340030344343300433303403300443440334000304300333030403300303343300000330000033303,
1100111100002221100201022220111120212002001011022102101122020110110200221102202200110122111212204200112212110211224442440122120102000042224401402221202222244420014440122204440404201040222420440040022011044440420240440244014040044422404404241040004040444300442010433444040003334322144334004430303433004003033440333444030043300300034443333030400330300334044300304003303030330334443040000033000033000033,
1110010000011120002211000110111000222002001110110010102002020010010044211101022000100040442100110220010104440422244120321101114042444244223200014410442222020232001044104044402202320111011040404042330010104014040400423230140440440404442422330404044344400420023004040330330440233323044033033044002032234033030300040020320343300000334022022330400330003344233323304000000030333003220340033333003030223333,
1000001011102020000211100010110220022022000111010002202000021000011014444222202010011001111224440222100101102242424202001000110220244222002201001010002224402220011101144400244200004441001440444022200011144001140404424444014144411404034430400141000444004304333300410443334443334000044104300343304440034001043334033304040340103300343000304443411330330333303334304100030000000034433040003300003333034433,
1100000100011122202211011110441001120220001000144110220002020110044110022022200201010040122444242002100104411211224442021011401401202402223010014014111224442332001044110044433332321110040030043444023201044044340434004220140440434440340442001404044030403042200014400033340434420030140003443403440203304113334404033300230340110030443030332303400100300030030330034110303330303330033041113300033000000333,
1111022201102002000200100211131122022022010110201300200002200001022013220222203300110201032220020233010012110233022022230141112222334444203001422211004432240230014200011044302202320142111010434440222310044414011343044433140404040333434433431440404440443300034304000400044034333440040404440404440300004044404333040044333040040403003333343030400044300300444343004033433003303333433340033033003300003003,
1000000000022200002211101011110230200022100011010002302220200101104410111302020201100114112112333202001144414122020302024444111122002203220010114440111020023333014140001222022232001140044400244443222001044004044040033202104040040403040033201040404044034403002014404044004304433020040404044044303300204044043333443000332340404440443033303233400400000433000332204044404044303332232040040444003003022333,
1101011001102002022200110100101020222020001010011010220203020010111010011020030200010122221122202332000122001022020223021001444111204440203201010414144402442330011011140433022230300100001404303002030001044440404432233320104004044404332232001040400040440233220310404404040042302203044044044044423303334004000044040040300040044433000344433003400400303333430300034040433044443330333040404440333303000033,
1112221120202000222200112110222022000020112212221112002222001121100233120033332002211012331233000220111221001133000200220022111013322202220011112201044302020322441221110443202003304142004411433022003311144400443403220300140400444044030033000404040004044300303304400444040003303003040400040404400303404044404004404333034040040044000440304343404004044040000344334040044000444033340340440400004004444003,
1100010001000000022201110110142220022002100011001421200220021000001114014220002010000444411442020220101441101122424220200114411100242442030200100444044224020300110100044042424443001011110004424224432010044044433322422320014344034344044032221143433343404400430300430344344000444303044340433304003043034034404030444333033043304004433403003000430043334033303033004033300303000030330340030330333303330033,
1000000000010020000210000111000102200002111010411001022111120001144401101012210200011010441411102202001001004414222244200011010011444204422211000141122224422020014441444244404233000141100424044044230301044442224004022033104040244440442203031142042022244240330014424442044222403300042204022420444300304024402234433003033340022200300303033003433002003033030303004033020033003330033040003333003300003033,
1101000220201002220210100111022213323322101110000211103233201000000011222233223001110011100200222333010101000020223332200000110110200200332010110011022202332200110122212044420320040101101220044033244410100414244003400430141144044243334443301414404404400340330314411403400444330003041144434044003033004014040340004444033041040033440333030303411444003043443330034140330333343303000341443330004443303003,
1000010011110112000210000101010211211002101110010022012010020100110112244422212011000010244222411122110000112224424441220010010102444022221001001114442200211110010444404044440220004111000040400330222044044440040434220002404040044404433202220440000400443323320004044040333342223023040040400304404432234004404440440440320340000000333033332330433333003303002222304000003300033003300340000033003303330333,
1001100112220022000211010010102002022022101000101120222000021011101122120000220200012221221222000020001011121100020022200114441211102022020001414012244420200000104104042422202000001141144404040202222201144111404044230030104144144040442233301441414404440400030014111430400300333033140004334043330030334144044340430003030041040403440033030330410440340303300303304000043443300303000340044433300333300003,
1001111010002002022211100000110020020020000111101000220200200000100100202022020001110101112202002220011011000100022023321444100110022022323310114440144420333222001141011440220323304444111400044440233011114140444004222030044140440040034403001414440400404343330014111304330443440030141403004344030044304144430443303030403040143440440330044330411334300043033330004331133303434003030341110030333444000333,
1002001100220202002211122210020022002020002102112220444020220021112244422240220000210221102444002022002011010222402200221101011002042224402301100101144404424403001010411400004222230101111440444400000301044440040400444030104030400403330400301140340444004304333014430443304440334003040330443404033444004003030334403030430040300330044034043330403303300000344403004000300333330333003043333000000033003333,
1000001100110011111211100100010111000022010111011022001100220000001110220011220000000100220111022022001001022044410402200111010202224144202000001144424240422200001100142444222440220110011422422443302010004440433442433320140440044344333444201440030443434433220004040330343342223022040400030403440033024004433304040003030240433030044040330033404430044004440300034043300040040003000340000333440003300003,
1111011001102202000201001010112220220022001110122211020200200001001002120000220004001001112220220200441011012202022002000410011000200200020240111001122000220002410044411224400202224140404144434402244041441404144304304222141114041004334440441414440411443433404014430044014033430443140300101040444300334033311133040003030343011303334440003300430333300433400030304330000334303333033040303330343000000033,
1112211000211000000212212110022210022022012121000001222002200122120222111202200011401221112202002000014111412122200220001040041022110020022211040411021022220002014441144414440323020014000404104433030011104440414400330330140440044414000030000443004004143000330004330044401431113030040300403341133130304044330330411301003040043034434443300030400440334333340333004003330334404433403340000030440440444033,
1100001001111011122201011011100001022102011010100020110220000000010002201100202001001122211020120200110101402122211202201011414421244012002001144411121224420020144141100212440200001441004011122420200010044004444042242444144044404004402424041434000400440444224304343344333032224443043403443443003322434003300043433303322343303044434344300330400033430334433033304333043330303300000340304440300000003333,
1000010000000200422211101111000002444220100100001111024224020001001010021020242200110012022211202420010011102020222024000101000122444002422201004011004242224200010444101402244243330100400011002044220310140444114420434430141440040414440343301414040404103043343014040440444334443403044034400003433343304003330444344030443040030033343400300443430000330330440333034300330000304403030343330033300333300033,
1100100000222202022201101000011100222000010110000101221002004401001110102011220241401102211121221122014411220222112100221114100202100121120004410111121441201200144104440110440442204111004044440404202040044404040040042302344044040000404023203434004400444044232234340040400304402320343404004443402203204334044430433303303040033430333400330333400330330044403030004330033030043300300040330000330333030333,
1100000000111101002211011100010000010022010010001110000100020011002212011110222014410111222100220020144110104242220200001114441044400020222200011141100440220403110104410044220244430110011410402244223310144440440444040203144104044044002422301411004043004022443314104040334442233443140040444340244330304004440030044222233040333033034442000303403303030303003303034000030303033303303040033300033003030033,
1010000211110000222211101112120002220200000122202120202004220001110021222000042200001011201102202420011101112110220022440001222212220200022410012011101220444042011002100111004040420011122044144403042201044404044114034440014044043043141343341143304434034113034404403304340333103304040443403404403344404004344434404403304040443343400030030333400303034440333033004033300343330003003340030330303300333303,
1001101100202202202211101010022200020220001010010020222002000100000122120200000001100101121200222200110111101212000200020010022221020020222011104214111000202033001044114244442024301101140142224204443011044044124422404340004044040444204033430440040443334443344304004000334430344303040044330043303343034003433300443340433040343444433344434300403433300304334334304004300003444303443340000033300433000003,
1110110000010002200200101101011102020022101010111001012022021101010001021120220001010100010220220200010101010100220400220010110101000444020000100010004440240222001100111004402220024440010014400424002040044440404404442222404000404040433330000040040443003430034404400440434334403344040040443343300444334004443344340333003043304303343444033033403003343430040003004033030443303343330040003000400334443033,
1000001011122000202201100011010202002020011011010100022002200001110000110202000201100010011010022022001110100100100022020100010000001110011201000114404444012120010001040222241112220110000440444241020010044440040442222020104004344422240442241040433004204440424404404403033333404433040404433044443300304044400434033343303040040334344340430030404034440343433033034044330030044330300340403033330004443003,
1101022222002002002211011001102022022020101101101020200002200100021010220222000201100212121120220022100102022211200000200011022411002220202010101114104440022202100114411044044244020110004044004424400211004404044404242302144040440000422203203404400404004040032034333034004440403320343300304403044422334344333004430002233040434003333033033230404343303003033032034003433003330003322340034000000300000233,
1411100111000220222214440110011012020000111421010001120200004441212012211202000000412122100201120022440112200220010233204110000220222023302044110002044402232200114011100440023220220140314111144432022201143334044114300033040444344040140333030404034400411043303004403300404040440030040034044404430403334300344040440334300040330333330033003000433030000033003330004000303000300000033340000333003303333003,
1104400001110011120214144011101011022002144111014101001102021404410141110221120201114144044222022202001104404400002000201103110040444222402001131011014400044420013010101111444042201333011044440402244411344044040204224034004344040042224443040443400403342040030004030004303402220322040033303034300023024040434330433022232240444343034303333233400334400340300302234330330333433000300343303000000330033003,
1111144411100022000200044140101001002222114011110001110200001140000010010222022214410000111000002000414110110001110020224110110110100001220241000441041100102020404400401441001200220440044014401112000204044004400440420220334040440444040202223040440400000402000030400330440444202220344033034430333002004334443330303303020043033403033300330022403033300000030302204300000300003303020043000333033303003333,
1111000000011100022201001011111012202002100011200020100220200100012112012202202011001021221112200220101011121024442020201011022212224202220000011244124422202004222221440114440202440001110044411112224011141044040134344422140444040433343304201443040400344434402004334334044303444020043043404403343333324343434043433444000243434304333443433302434030444304330300024303333430044330330040000003303330000333,
1110000000102002002210101111001202220020000100101012020020200001144411021111220201101041141100042402100010044411440444221101004011010440202401010444104442422204001114000104020204401100004441142224440010144404414004420244144004330444404222441403040430030344002204033044333033302202040403334303000330204044330430030000322040434034330330033220433343340330003023004003430000033330230040004003333000222333,
1011011101002220222201010101010200200200010000001122202020001100111014200202220201001101040202202002001100111402022442200100101004224440402411001001114000422244100014441004440442240111040400440344334210010040040043330344140444404400434433441440000440444043443314003040040004434430043304440444000333004330043004333300003340033330004430330030403000033333403300304033033000044430330043300003333040000333,
1011100010220200200211000110122202020222101011001444202202001001010014222202202001110011040000200222000000014044402220000101000141404020000011011001411422022200100110101444202200220110011014002200200210104014404440402020141140404404404020201404404343300444232014043440343443000322144033433430433303304111343343434344303041404440430334403000414404034300303030004004403343300333033040003303300000300333,
1100033111000000022200113331012222020200001011133332302002001001011022233022202010102222012302020220101020111102322022001011014400223033302201001140442333430220014441044024443444420140010404404430220201044440404400302220014000404043443303331040010440033340300014401100400434443000141010440444030033004111440404003300303340144044004330000030400104004040030003034011444040444333000340011404440330030033,
1010001110002220022211000100001200220002010001101112000022200101101102002222022040111222022002000002422221112002200000004110010022002200222041010101201100220020141110111101122420201440014000010204200010044104444040402000144044400404404220001430000440440444022204034404333040034242040340443443443344404303433344334430033043033444340330033300403004033330033000334334040440000330003040444044333330300033,
