1111000112220220000201001110021020222002101011011112200002221201001000220112200012111011220001442022121200011220114422020121222221110222442011210010113311224222102101110330130404024020333334433344042043330044433030422420404330004304030024200430004403343302242244333440344403444200434404303333434042004344334000444430022003430044440000333200043344003303330030030443433303300303033344044033003003033003,
1000022201011220202210010111221022022202110101010210200200024011100020120100000244400111221211022220004110411213013002024414144221333130202241141142211113322002441400411203311220000004040012223311022244040444423322222332444040002433044330320000442223444033302040044023334333000022444004030004432220324000040033344323333204044400034332322223443303300343033330304343303330433000033043443000004003333033,
1122222002002000022212100102220322002200121011021023220200201211221100230022022202012111222302320020402210221132223233334411112213332330300040040010113232230300044411102222332203330040001011142332300344004001001420203330040444110442220030000440401044004033003040040141404044330330400401413340043000334044014033444003330040404004443334444303400444404003430343030440000043344333003044403333343330003333,
1110011012221220000212211121112122200222121222120101000220024411011222111022022044110010112020202020004011040120220024201144100411022002242011411444044004424402441441104400442422021111410140440024202200040101004033242202000444333340032433330404004403423324030044404404443222333030043440003330023003300330433303030030030044433430040333000300404344344330030300330403440400330033303344443344000300030303,
1300000002222001122213000011110002211002131110000102002221121301011110021000122013014441444210201122311011141142122201123311334410121211122011331004101121100220143134400411222202024431344004220300200241113404442333022220144443300223222300001114330033302023220301434033030302332333444043340303222320300040434440033232322300044004044030333223044004400044032223330400440404040332322244000404440043323333,
1001110200222220120211101012220000111222001000120022022121101100001000202212211210000010122021102202101111011002112200220101444001112220020211441004400144400200101110440441420002220100100433443222203301010040343330300303100010403044303303001444114430040303033011441140444033444430310044004043343333003334044433304440303044340303403400030030434443334034440333034033300044400400303340344444000333330033,
1100000102220333222201000011020022223302110111012022020003200010000102202022322300111010023020333233114101113330222032320140103003033003032201141333310300330022104410000113303302001114103333310302220004401000000103202000044101110110032202020040144113113323322204011400433344332300041140444044403223000400040404333342330304044400040444403033040400004443300303030040044403344333030044440404033443000333,
1000000011012222002211100100110120002220000111001010020200021000100001100222002001110111010101002220103333311001110000201300440301222220220214404033111000022022114040033101111020220440400403340102020000040334433440020222404443044344042240024404030034334442402004004033343433344220404440344434443022024040044000340032032244044400344330020332404003433330303222330440333444433030332244330303333003330333,
1001112002222202022211102220200000222022122020022001000020002122020202110222000011001202021220202222101112111102002033321010420122022302030001014410022033320303010104111121032230331101114402113042330340400411222130402223404441100244344023324004001044043343232204404001040404330332404041100440443032204040401040044030332340404144433033033033400041334303303003030044044433030033030044400044000030330333,
1111444101100000222210441411120111102000010411001210222202000114013331220211122000114103112101012200440040103311010210224044401303101122122040001110330201221100411100030002220022200444403334330202200200400403444320200222440404443043222030024400040030223303322004044040322330330202404434443232000032334040334030320033303004044433003222003030440434033303303300304040333000330333030040440030330300003333,
1100110001112030333211011000010223332222101001110100202233330010110010112023202001110011110002232220444001002212200330020404411102212232033204141402001102322323411414202222202233234014142200330030222304411422333233320003044004042002003222030040404420222023333004040440220332220030440440333233232033004044003030322332330004004003030023223000040040443330030303334400440403033033300340004044003300300003,
1100102222022222000201011101312033002222110000111322233200000011110133203222020001044122223332002200111440012022233320201441110111220303202001414012221022320202014144112112233302221104001211002030333314044412204332220030044041440043233233000400114044432202322204110440000302233200404411044000333223300444011044433022330040111444000443303000404440430033033303334040404333033000000344000003000303333303,
1100002202022000222210111012200220020032100210102000200222301002211102220020020301112002202022220023104112220020003330231444010012022230222311411101120202303332140140110111230300224440400001102223330300404000100112003033000440111444102303304040110104343323000040414444433032230000404400333440330330034040403004400030033304004443340300330003040400403033330300304404040433444003003340444004443333300033,
1001100101022220222211000101112002020002100101100222000220000111001100020000202200001100100022202002011101001022002002020114011012202020022010014401020023333223104114010002223023331444144122203302220210414211202043002022101144221111433003330144044201033443300304440002233344330003400033333404303033304444044004440300330000004044433033000030400443333403033030304440404404430003303040004040443330003033,
1120001011100020002201222101100110200020110021102020222000220011121120220002220000011220220220022020011001202020020000221101110200022200000204014442220020222202044411023032330002001111411033322330302210044101110330323332044000104443432223024404441140334333322040000440404422222332044040040443300003324404004443403330323200444404033340032223040000404340430302334400444044404303330344000040000443300003,
1001022222110202202210112001012102020220100122201121022002031001002122200202200310101111011220020233011144001011220220300001404410012323322300001004111333230023444111044334422030234004104033440233302341114443004220223203140004034432223322301400404304230330203004004043442330300030040044043222330303300400040430034403300300444044433334433003000440003444433403030040003334300344430044440030033303340333,
1111440010410022202200104011144102000220110144140411022202021101114440101230200210441411112113332002004404322123323220020404043212322200200204004431133200220000044400431303300202221110014331130302002214011144113323020200104444141002233022024104011103332300200244114410432232202022044040444302332202004334433340220320020043033434330003030222430344343033303303304043344030330303303340444000300033300303,
1111211112220022022240012221002000200220411411121202220220024144412212202022002041140120220020202222144112111110010200000411420444011102033301444240401000223030114104414011002330300101114101033302300340100141011302220303411044041100323303034100411140333022330341004140443003023003400041440443430203300444144033344332303304401100303423233303411101140403222320304114440444033332223344400440002222202033,
1444000100122002202214004411101002220220101114400112200002020110411110122000202204414102222020002202440140111102000220004111404440122000022204040404110202220202444044411102032333204104041440433020032001044011004302003023001411014443322333231114144403322330302310414304432323300203444143303323230222034011403344233202333011334300444303332230113343340034443220304444344433343434330040003004030333440333,
1000000220222000111210000111220202222102011110011202110121220000122221101121120201112011010101210200002221100101001222000211100110112221002044401011002102211120404010102220211001200400010420022133332004441104422022442320040341104420343422330043444402233433323304443330043343003232400434033344433303224403440304030322333244034303043330223020004343300444033320224443044443300303223240030040303332223333,
1112111002022030022202212212220020322322022102202020203233300001112000202032232002222211222002233222011444110002223233230140114101233032223311444140012223330202441114101123340220220401411101334432300214414000003443323332011444040443303322300411004440443042232304013334304330440323041044433034040333234411114430344400002311444411033000333303011400444300003000304440440040333300303344044000430030333033,
1100000001220000022210000110010022220022110110011122302022000010111002123200020011100300220232220220133110302020232020020131133320222333222041133134330003202002413311143003322202024104144434443320220240444100304343022333400411010333343032230440110101110433322344010011104440040332401144443344344403020441040044333430330200444004404443330002440004004043344300020400044404333430333044000400044443330033,
1000102222200222200210011200000220000222111012202002202000200000102022202022220201100111102002033322101110400111223232200144414010002333233211404140100020032332110401401011023032220444014110102222303304004104011330003003400040140003330330304404411444000030033300040141133303333030440044433113300003000404004030140000033004040403304400333033040404400440303003000040440440043030033344440004440333033003,
1001110222000000200211011221202222202022011221110000110220201002210011110110202011440011410020010202100441004411222102020040404411121021120200400404000210020220044000440222100220000404440330011022023300004303011302000203044040330013220022230400044033322022000304033443003300220230040033433300302022330044443440333202003300040030440032223300004033304033230330004440000334303303003040044444343303303333,
1101102000000022000211101022220022020222044401011120222020024040111020220012220041144001220201110200010041112102001020224114412211011122220244411422101122133022104114444100201322001110433311022003322044414231122033302330104143222111133220301141433033333122303314114033041113003300144400044410333303034140444004130000030311144004400333003030144000044003003300304404444043303303303040004333303303030033,
1110020001111022220201012211100202020022100112110020222002201000112012220202200010010020121110020222100011222112010202001001010002221102002201110011121012202220001044031010023333024441404310100220322241114143011220030002044141433002220333004434110003300030303303344044403033340430444344040033003444330040330403044043334400404330430404433434040444033344334044304400040044033040043344044044400303333303,
1111222220222200002212220011020333330223212110110222202233232112112220300202223322121000203222233322001201112133033222331121201411302033203012211101431222002030110044114333202200300011041141130222030001144044113020330330014040440030223033031040440404333223003314440040440043330303411111404004400303304444044040440330303300004040040333033300440040004440400030334044400000404333000344000444440443303033,
1111020000222202222200001221100021200000101112122111122022201101211221220200200001002101120202002020101021001202202202201110102224400202242240011202424022042443401012024044224443334114122022224424230041142114440240222033144422104040433302031002441140404030222311220443304434303203002030434404030333304444333440303330000304334443403003033003433043430033300333034434033033000330000344044433033303300003,
1100001101000001222201100010111100112000101000100220110102201001110002221222202010010144411121211220110014114100211211120010110041022212000201001104044443220220011104440233432022024010114022230232023341441422023222322003414114022332003330334144040023033322230004111422022223323330040104233333022303004441402000443223300000044440403433343303004000044033434440334440004404334433330340044400044434300003,
1444001220220002202211140112020222020022041410100203332230201140100202223033323211411022203322223232101444020230200322320011411112223303023201011441412023033323110044004444233022231011114433223222002304144404332233200203444114044233033022030414404032332202200041140440323032200222444334433440333302024034433444044440332000304033004040000333043440403043033330004440044333433003033340004400303303000303,
1111001110102200200200101011441222022022010411441121002022021144144141210220000210414111401122032020404140144222033322204401400110022302300211011440111032023222011001400401320232001410044344410202303014444003041112020333100304030042011123001043440344420222203344430443402220000230034033343330330222334334434430033033332244344434300300302232404330040030330220330443003033303223330344043333003032233003,
1110222224400220222201220014422220221211221101144211102011212110114114212201222100104441022122010021010140011210200122300101044401101110202340110004410101102203410000400100222000234110444010330022002340140040113433302223040400041034302333320404000414343220232244040444044322022232040400004403332020300040400003032220303300444000433033033303440004444033030300304404000333000330303340444003030330033033,
1044401112002222022211140101121000200002144111102122220020020414400421201022202040140444210211020220411440041122102022021041114044110220000010400011411002200220104111014022200222001440014411120333002040040144101200300222440430222221103023200404300333033322233000043334430330233233440404034030033302224433444344333000333304334334034030030300400033044044033300004004444044043030333344400400000433000003,
1100002200222200222201101021200200221102000110212220221102200010120121000221122011100112011110212120100410121433011220020044101214433010220204041401141130220022040414414111032000203443314404440322020033433111044043003222303441404300433030024033404443004023322044434433343342223232400433444403433323320044430330033432230200043433003444320302444044430030330330334000004033303033300340033333000030000033,
1101000111020220000201010010102202022202011011110022000200224401004411002002002004111041100222202200040100410100000020020410140001022220220241110440111010023002410000440441122230224410440344411442320040104003111440232220041044033314322232020444003000333233300203343033330030222332334333444040033323020444303434443322330200040034334302330220000044403433032330220044004303303323033344400043300033200303,
1110012222002011102210011011102222112220102211001000102211020122101001111222112211012211002021112202000102211022200224440010111222000444242400110102000004424222001441424444422240231014004422200244423211040440420330223332014000040244333230221044440400244023223314003044022004232033144030042203342320301344344043303433230003003403444334223300033344334334430330030444303433433330033344033344434400000003,
1100110202002002002201001122020222002220010100212220200203321011011110000222332211011000001100232202010001000111220322200100101110000223000200101101012020230222401001103122203032004413334333040232202004103044430432332020401034333444332020224133033443003020233041044404030030220300410044004333002003304144004440003303300314144400430033030033141100440330303300001401044004330300333344000404444033300003,
1010100010222000022210111010102020202200100001011102002200221000010000120022000201111010111222002202414401110020302002204414410022203222002014114042002330020040101004423332320022421010044233432220242201004002044302322442010444020043334443320110404444044430303340140004333334303003404443330004033303304400430434403000303304033444334333033030004034334340300344400040330340400003404344400004440444443333,
1010111110000222220201110222211220000022102220000212022220021110211102122011200204102011221001120220440101202021102220224041112202022232000204440011222023300020004011142333230220220400044110323030202204440044130233302200000400040333022200224440444044030023333240404030040033323002040040330430032202230444043304300323322300404400303330303033040040403300033030304400404003300033000344000444300333003333,
1100220112221111022201011211102100100220011011220201212220021222212202012112002211110210122120120020004012101212200111214044121101200222221144041122112221111121400401422442022022204001104424203320200004411404422230230222044344433020323332020403433303003203202040433444433303303322404443334030003343024040044433033344033000044334300304333003440404343303444303304044040344443303003344004433330333003303,
1110111012200222000201101041120022333222000140441022032202000111441412202322202001441110420222303020004401444002443332221111001104442302233314441110404023320302410100044042230223024401004422242320002240014400203330222233044414032033223303230410144333023330332204110111114322233002004410004443033003004441144404333033033300041443034403000003044441043334033330304001114443440000033344440104003333300003,
1110011020022000000240101000202200202222401011022000222244404101410242220334024041114104420233444222044404122423443420020141111444224433233301144441242240322203010040012244222330030014110144423323033001141001022233203330001401101003223300034414110103330223300304040441030002003030440040413002203303330044404033002203003000040043303002330003004040044433332033034440433333222233303340004442223333222223,
1144003111002222233241441130001133303222041110333111322332000440011113332223202241401441022230322002414111401213330202204110014412103002020240040401112302200220400444102223332000020441011003302320000204401133033020202022040033033032220222020040304032230333320004443344422334022003004300422030342203330433340333303423003004404400004443433303440440444400434340330040040004004334440044440444000003033333,
1120002220000101112212011010202221100220120121102000221100201211220201020122220001221122112211002333114402244122122202230140444222110232023201440041201220300232141111412012030332321104441101223332303211404010120323223032444041441233223232234004114012233233022300444114143443032033000040441404433222030444044004400433233040403334404334443330433343444303000044034044443303033033344344000030333003300333,
1101102222202220222211011011000202202000010001100222000200221010001002002022020010110001110224202202100100110011142020220010110020101402022011144100200204022033401441022200242242034001144111222244420304014041400444022203044014414440042333300411411040030420300004144044044332230333401400400043300300304414044044000303303004404004443303003003000044400303033303304444040033033000003340003333033003333303,
1000001222220222000211110010110020202002000010101102200222020110110001202200202200101011100010200200110010103111022022220100001333133202000001100104343132422332100111044431134422321110014033441402433204440040334414024223440044404431442224230034000440312244334300344434043024403343003334300403223343430444433344433323443004000004333223234330404444044303322300334400404430330030330044000033303033330333,
1113310002202200022230130102202202200200331310222000202002003131120002022202202201301002222020220020013222211110020200220132001222211200220001311010003101200222331101133301012220003310333130010120023311334431303033023230411440311333033232334041411010344322332204440414444040330322404004400040443030304400404404040330303340444400400400003303040000444004000030004400440040040300033344000444000403333033,
1101101222220222002201140120011122002022000401224102111122024044411441221332200344011014140231110203044104411402331102030014104014442232220311141044101142333003104414004110423003300041440141044200030304010411102220300303140114313302033303031413334043320030300314130344432333033030141404333223023303301010444322032220023241000422402202022232411440444020330233224144400400223033323344000022220330222333,
1001110022202202222210000011022020200333101100101102022202031010110011020200222301141100002220233230104410111100032230331114040100113320030304414440011443203330104140044044223203000141011040402032003301011000443323322233111004443344200300030004404332224203203000040040320202032033000440044344422320300000000443403423203044040004034334423300404444004433033303334000004443000030300040444400044444303333,
1000100101100202200210441401102202200222104014001120220220021144140104210100200000114411402111022022110111444110022102020110041401202221222001014410112200110200000114112212210211200001041220111202112211104004441422022232044344404044420030324443334340040233322300344433033333003223003334033000003323330444340003330330222040044033003003020323404004303303303330330440443030333000330344000430330003330003,
1112221111100003332201011122220202220320010102110022002003221000221012200020223311211211000220022003102111201220222023030122001112210002333001102010002110222300001022211112110230331101112002022220303041002212222030023033410224110440332233004144040011433033223304404440404003030330404000040040330330004404440444043430033300443040343434330330440334444333443000034334433334440030033344044000044044444003,
1222021001110002000211211211100002202202121211220020020220220212221220202202332002112011022200203230110101122000202022301144100202222023023210041002244400230232014112201433332333220144122134302232223311140111034422330203444141001334023002330041400110343030332040044110440433003323444041100440033003234111144004044403302301044404404044332203044000004034300302034400000440343330333040444440033300300033,
1110200102220000002201102101202002220220000121012020000220200011211021022000020244411221210200220222441442012102022020000011402211020200220300014112201020002203044141001000203303230044141112022330032311141444120023433023104113303222003433321444103300302234002300414131333020334423441141110232203443330401444022233343344044001004424343443433004111442440404033434440140424044433004340044442240003330043,
1111100011000000322200000100012222233322010011041001033232330111014411010332223201444141011011110023100404112000120222231040010120022223333014443100222033322020004331110303030202220403133310330322330204301344332302003020043110433023222330220431034302223242233204103334033334433032401130044404433303304441004004333400304340044440003004403343044000044434040433434404440443440404004340000440333440044403,
1044110012000200002211401040121002220220414114441211000202024414414011222220203341104111001033332223101040001102020232321100404411122202332201040442222100222302014400420001113332321440040422012211223311044404422202332230104024222430323300301042224424333030330341402043204443033003414204433340430300034142333440303300030304244434403030333303442204340333030000304044040344443330033040440033343343000033,
1022222022202022220212000102002200200022122111022000220020021201002202220220200201102233020233202220110112303330300200021022123033033222022201122113000002333302001041133033332220200014401033003442202201014400044443433333114400444010433444441044104104133430300010111141441300303333010044144113344300001100441114440343330041400401011443403000404440441141340303330400404044414443000344440044004104333003,
1000110001000202200201110101011102202022000101011001202022020010010000102023333201110011101222322220104100011011133233321140111001002223223210410100010022330223140101022222033220200441101114442223220040441041442244232022440044440223402303024044022223334432232204442333303000322300422242230403033443304204442044430343340344040244043334433033004042243344430303034440420430433300030040044404334300330333,
1001111444020032202210014441140220320222144401141110203203331004221122002032323001141221202102233220114111120221002322334144222122102022330344140421112222002223011144422213033320234414140201130003303244041102013300300302114410401000333033021141444011103003300200110040103303300002440411144443003300300404444004330030333004400004400033030030000440440443330300034440440404400003300340400400004000030333,
1110404440100102222200144402221011200000001040442101122200001144114021100200000010111441121220020220144440041202220020220141114412210022200211140010121111200020440444110102220222204404011222020203333200401031022033323002004110313032332202224440443133322230200000044031222333322333400400313332240323004300430330224433030043444330444424033003433434440334203003300443330440303330003344403033343300303303,
1110122022010111100210211212200112012222012112120221022211330122211002120201213312110120221221112300122112220012013323001112211111020033230044011222022020232322404101002220222032204041101103333033302004440114404432302203400110143443032223334411004433033303303004144433444400300300040443033400303003304043334443033033303040444030403303000030000403334300030333004040444403330330000044404000430003033333,
1100110000202002222201110101102022200000000000121020200222001111011210224200322000001010220042003000100112212444022032221110121224020202322044141214042220202333404401444020002223221141110422333203322001144101424032023202014414114440323233221040101432222332223210041444033334334333144440433434440444301101143304433433334300111434044333444343110004044034403334401100044040304334430344444000433344044333,
1011141101100020022211010401101022200202114441102202002020004410410220222200220004104110001110220220041114011102012220024104041041120011122241040414044122201200414404144041200220230143401044012030223341034104101103332332444341041100223232224034400413332022333004430334100320203220004330340043202023203443443344443332230033344404330344332303004000443033044033034443330440033033003340033033333003303303,
1000202202200020022211012212020222202002011220102211110221121001110110212012211010100110102220111203101400411001110012331014041001102020222310140411011320220332010404044133220230321104044343133002332201404034431403003302044043330314433302204404403003114023202200040344434432223332004003400034333323204443334033334440232240004433044434333232040444334043343032300440334444330044423344044403334433334203,
1000122202222332002210011120100020233220111022110112022332020001002100120232230210112221011220322002101000202003233323321101100222333222330210041002002302023233044001101222233322300040100010111223033000401101110112023000004101104440220233224401440440043332332204414040300440332230040440403330440023304040044303033044203040403343340030440430404443344403304044434333344004004333340340004404404443444333,
1110010111011113322201101102201022223322100110112210213322331000012211101113023311001121222121332200101102111021222030204141120222011323332044412220422010323220011411114402333223200104004104023022030211044044400222033322001400004040033202201110440404440433200044404400404334322233004004044033344323300040404404444333030004044030333334030030040044334044440030334404034440300033330340444333403333000003,
1100110011002200022201110000112200222002000011110222020022020112220120002233002011002022110202322020101111221222323320200141401121233322332011144411213111203320441040122113322000004004044014443302220004340344333440320200043433434440333030220434343334403023333244343443033300222002334304043033002002024343040430000333322043444044333003022022040333334003303322300404440440330303303044404044003033030333,
1010222110222333222211202112112230223200012021122033233230200122121202202322322212111220224222003233120010202444002223300211011111410220320322100433341110023233011444303444122232301041140443333200323014410044404230303203140044000443223323330111404400430233230001014040440333223222100040040444002233301040044400333403030310440403330343333033110440404343404443030000044044400400433044444044000444404033,
1110000100110010222200100010011011102000000101101000001002001001101010222220220010110010111000022022010000010222022002020111001112002020020200010100320020220220001001003020220002000010010033220202202200100110032323320032110110333033323223331011330303223233403000131103034223443303033311103344430043034444033303433344430304004444400444340303004000000404040330304440004004400044303340044440044044433033,
1110001111011220000200011102221112200002012122021022200222020112122110211202200200121110002112200202000210011110220222200010221221220020303210011112022332230332101002200203023334320110020220330203243211000200200030222343004442022033302003434404402044403003334340400422204403000430400444204400330334300440040004430330343004040044404304443430440444004033040434300040404040304333430344440444044443344333,
1000001110200222002211100101122022002020000111002200002220201101001000222200202011001401100020030200401114041112000302204101444003322203022041441000132002032002144011011322202320221433311023020330232010443444203330332330040443344222302323000404334330323222322244330443033323203232343304433032233303203344003044444030332244043334000304403323400440340333443302334040044403403330020340440000444000022203,
1001000222111002222210001102202122203003100110100222120230330110101111211202303001000002021021223003010222022212211030330010020011202103030300110211122021033300001144224422022220301100144222433033203311011224044304433230000122044033444032301110202403043333030314140224333404030330044402422344044430304000444220400403303044404224440440303300222202422430443000334444244204304333003340004422403334444403,
1110111100020002003200100000102221122232001001001012111002320101110101112200232211100011101020222333040110100232023323204440110122322232322004044441122333220200400400013332322332024000440101322003302004440440103233003023401411411443300300234414101134030333002341114433344000300023044414304333330333324044144044000000030240001004400030303033400444400444333030034040040344334403300340444003334334430003,
1002022211111011222212221111200201121112120122121102002221200102212211022021122201021121222020011120001100111323022222001110440013230300002200014403330343222020041114044433430200224441414333444320220004104111343223202200401040443433322202004111443344432300202240440044333023022302404004430440233023324044043340442030203004004044404303030303040040403330330333034400443033033030003340004333000000333003,
1100110112220000022211000122120200000220001001221100222220020111101122020003332210400101212202200302104001101112202030321040110100210322333010410441222103002223104100411023033323334401004412333222322340010401422220333322440444414144020222330040001114440233233000411100411122323030044333344411242230000404444334024220330200043334404440322302444344034430403332224004044330333300303340444040330000000333,
1000001100122202220211444010111202002022104011002010202202201041110022212022200001144012020222000200010400112000111112200114410121112222232010400122130103330323114441221331330032334110411010331133323040040044011031300220404440044330310332024004000043033313310240004444033001113112040400400403333311220404040444044401333304004400040430311003440044000043330010300044004044403003133344400444040403333003,
1111104444110220002200040110040012220202001401144001100022021114100404411010200200141114404401112000222144411110101211110021422010011102220100214220222220201210011224023330322011221122440200033322332043344022033032030322444333320320222332000434444033220203022040333403023333032022400403330232223033304400444322232333003004040040330032030030400444044303320033004440040033030203303340000044444302030333,
1002220120022230200210121211122020322202101011210220003230221100012212022223300200111012112030232220001041102220333223330100411000232223323011144401013323033222044100411100230223320411114433030322303304404011103303202223000440004103303333324440440440004344422240040044044443330440404433300000040344000404003033330444333300040430300433004344044044030304333444300400440333044003303044000044444043330333,
1111441002222202202244441114444400220222001144411110444240000011004122214224400001014042110222042222010444040010002023300104000444110222323300104440040120233200011144110012203222001004111001112333002011140044401020302220100404401100322320030114400431333203322311411144303223323023144134400300033232230041333433022232200303403403303023233330443444322333232200304333043223220332230344003330022003000333,
1112221111100202220212211122220102200202011022100211112200223311121220222440200231330111220124222020011313331001242002223013313011100244420433301103001202042442111101333001222424224433330303311440220233444040033344033200334004403444333030224040440333044030322244040044430334303003404433333033444303300044040444440433003000004440000040030330000040004404430300004444040404004330333040000444044040330033,
1100011010222202200211441122120020020222014410212200002020204411022122000022233204412101102222033222411411100233023300021014401012330322222001140401122232003302104104012100322203021141440121113330032201410400243104032320104140444433444322321040443333440433323211044344044333422332104003340403034223024440030440304443303300404033033303343303440440333034430430034004404440043344030044000443333344003333,
1100100010010001110201101100111211100102001010110122212222021101010110020100203241011122210022223332411222120112040202230401111021122420002344144400222124200223041140044411242220030401040404004200333040014400004442223200411440444404233232224441043304004033202000014400304443232200004143333043332232204041404403223233300204440404333322003222003334434440223303320030344040333033303044444333330033000033,
1120010122002200200201222111202020220002012112220220220202220101022022020002200010122000100222000020101422110111202202200114112113314002002000141021010304020020444110104113444202024043311040133400220204043114440043332002040403311144403320200404443303430300022204433344443303330020400340340330303033334443443330033300030004340440300030000033403443330333033333034430430300033000000344304000333000000003,
1101110002002200222200110000022200200200014011111020202220000141000001122244202201410010011020240220014101101001444042004410104411011142202241411144100000422020414410400004440020200140040444404022002011044400004040200300400040000400002203334044044004022203300340400040044002030030044004400040020303030004400404033303030300004404043030303303044000004430303030004404444404330303033340000000003003330033,
1100111100202022202201400012212220000222414001021100022220004144411120022002020044110100222022200222114110112110000220024144101002011211200041104010221121012002404441011221201120224040011011100222002040044414430112002200044004404431123302200433333034331003002004400003334330033003400404000340033003334044043330433300000340440404304000333300040044043433330030000440004440340033033344044000044443330303,
1110000111022201202210011000100220212202010111000110012212021010001001101102111210100011100110121220101000010020441122020110010000222422020210011110010024402002100004011124420422201444404102224224233010040044442440220203444004003342220032330400444334423203320304000400342333230230404440440330322302304043044303332330333040403043302222330003040033340333330300334404443440444440030344000440440000333303,
1400444022230022220201441011203300000022010411012032222202201144101102233300200044101000112022322202401100011020023200224011000010202230233204401111000200322320040444401122023223234411411441203323323300441101132033233203044144010332232022300401041100302030023000410433303022330330444114300303000330300040403003330330030304004044400033033003444044044333030303000000040000303003033344444044443033030003,
1111010012220022202210221102112020002022000221222100222202021100120212220100222000111211102111220424110121444121222044421112214001124404042202201104440222442002122101042220024322020111000404444433022310014400403303303332110040444433000300320100400000303033322201004033030033032030104400303333222233301004433222223333030010040444044030003030100040044044030330334440400000040303030344044404444033300303,
1210110020022002220212112102220022000202112201202022020000221022012010220022220201102220110200200020101141011011120002221144411001010222000031104114014012002220130114440440102020204301040044001222440043110000004404424222433011110004404422330403003333340333033304433300444330433000404003000443033400304040044440033044403000044303403003343330444043033433003344434004433444433030433340000303333444440003,
1102220220000022202241102022022222002020410120211000002200204401100210002220202040441122122111122202011422112212120200021014111011102220220244414444001002332202004113331101113020000041143010033132020044044430133031320222040433441031130220024433303303310332000033440003301133233330034004303003122230000340044403331333030030400400430443443330340440440044434043004440440444333004443340000433334444404333,
1001000012220002202211101110102022202020100130001110112000200101031102221020202001013310220120022202101131121011220200021100133111210220200211031301332220002220003311330024422200203303310333440220020031111330443330002222301033003430302203330100344433400333222341110440300404343323440040043034443433300400400444333343444304044400040000433343004000040040444003030440404404440004444344044404404044400043,
1111100022202200000200020112002202200222002221221100002002001102112121002002202210212211210220020020122111012100200220202121333120002020002021123122112202220200210113321122000202004400113310202220322240441043011332003000440404443301323330000004404043113322222044000404030344403333440444040303343300300400404400334333440340000040430040443443404444004334440333434400040044403330300340444000000330000303,
1110111011002002022210010001011022200200144111011000002002004140001102222202002041404142110100220022111444221001011220224441411211001110020001111411201100022220000004412221222030024444114011022333322211141411122032222302014114440200303323304444333432233322030303334443330202230303043443304322020330334440034440333330330000400330434440030030440440040300433000330404404403334303330344040440444433003303,
1044400220220222002211141102022002000022104110221202002220200440011100222021200244000122202002110022004441020002221011204404001022200210112040040111211220222212044114412112203201120441404412101233101204114040122111131022404440101320333113030400001103330000033004044441101300303303040401133111333300330400444133131111000304044011030303333300004000300033300000334440043333000333003040044440003303300033,
1000000010022202222211101110011120200333100114010102002222300000441110112233332201114000100223220020444411110133230203221111441001130332233000004144401332233032000401104431122330224404014403441202020240441044330440220202440410043443422022000040104034430444200044411040033303340200400044433020333002220444003430230003323340403334323330303323404044343223033032200004044043203322233344440403333222332303,
1110101102200022022201011010022202020200100100110000220002001010110011122022200214441101144002200020101410100420200222200111441044222333000210414114224332302022104414142442223222024404110224200203330240040444422233003300442040420200033300300022402220033000033004424442023303000033044422243234033000004000244434440303333040333334334003000030430444434433303303004304303334403003033343033303034030330003,
1110001222202333002210000110002023222202011001100102223323220101100001233033023001101100011133022232000141001000300203220001401111010330233211014333301110322320001143400333033232220144114111303002330201410114403032202230111444014344322033304001411143343020300004114010403430300330444004400403433330330404004404434440000300040040040333403330000444000404440330004440004440443330033040400044333344444333,
1100011011222220020201001100113303022002010100001032333202220011011100222302330000001000100232023300011110001120322320200000011012233223222000011144120023320333011004410230223222320101141110322332332201104014433030233220104440044030302220334040044004033300233044040404443000300300040404333403003330000400043443330000303000444034403033330033040040040444000300330440404004040000330044000444404333330333,
1000222022022200020210111120020020200222101222020220022020001221102220022020200010221100200000202000011012220222220220000101042120103320000001010421101131200222101144010103312220221014111011011303320011440131131103030220140441333030333020220041101003330003203044411003303044032230400144003304043302300444144434440403003340041033433404003300400413304330003330330440434344033300003044404443400330333033,
1111022222022000002210401144112022200022044414401120000222020401140012220112002040444141001110320022404001411101333020024040011010221132222014111010302112233002144010013022020030021411040132000203302214144401322202022303414104010302002333030140104133302223203311401443434302020303014014434443302203300040010430033220330004040114444023330033440444110032230000034040040000332303330340444333330330330003,
1000000122200333002210111011002030232220110121101323332230001001022013323223300001102202103223323202001011122203223232220011010002333022233011001002202222333033104110022202442223031040011110244342334410401004412003403044014144401123334434031141422213224433443314004211223434033433144421102233344303400040201044224334034004044004442443444343040044400344330403430400000403334040430344000444430044404433,
