1001110111122202222211101012222100200000140100100002222020304411101110200032223301414440002233202030014400402202322330304414114221023030330341114112112003330303440142210022200300000044022111200332333300040020220233323000040442002022202303334440020022002023400004000222004202234030004444402044402343304400002224242203430004400024442242243030404004420424444030334404440222422303330344000004444223300003,
1010001100111112222211010101110222233000010111002200200300201410001110220103322214110101011221222320141141010412112023000140414014112213322211144144142221133033010114110400021303301000141224222212203011441422423330222303104414244200233302030404224402220223023304022422200440232223444044442444302233300004222242203300003000440444423443303303440440022433340330030400044224304430000344000440044404333303,
1044222211101112222211044111221100211000010114101202222122200411144400201001202311444114002211123003000114101022122233034441141012002002300304404414102222000303022401441203003303302204011102233303300044242221202302030000422421122020220033304424201022022330334022420440442302230040224222442220333344400044000420330444333004040440000333430003040044044440040330330400040040044400330344000000000004000003,
1100111221100002222201101001211222200000100101011220002000201001110011022202022210100011002200202020011400110100202220001014440101222000002210100410111020022202100441440022000022021104114440020222003344140112020220320330401410020220033200300440110220220330330040441002020022230330404044402220333300034404040020330044304000443403330304033440440433300303343344330404304400000444330044004440444443334333,
1110110001111102222211011001100000203003001001110112222030030011102210211033303300100121102011000303010001022022120233001144410022020222030041422211112023333033414021222202200003034411110110220222030304044411211123203300004004142210232030300444414120222033000300010441204442333003400144114402220003034441114404202002330314140044242202223003111444042422423303304440040022444330303040400044442243033033,
1110011003300002222210410101113000200300004110100132222003004411001101233302230004441101002200323303111141022202033300300414411012020032233044411441212022202230040011412122020303221144014121200203332201401001102023322030114414402202202022334411440020220020203004110420220022203030040012224444400233000401112422233322230040444004223320333033000404440022443403034404000044440434433044404444004004404433,
1100011101100002222210111001011222200003010010001220200030331100101012120223330310000110110232203000010110110122033300000110000010200030033001011110100220300330001010221022200330000110422011000202322211004202202222023200004440220233332232004402024202223233203040022240440202322230440444044420233023300044004222402003322244000040444222033023400040440040000300034004404044030330333040404400044330330033,
1100110111000002222201001010000222200330011000111100002002331001110022022200222310110010202204440230110010102200240020330001001000222422230010110012202440032300101101022242422233000100111144424002300011103344242242020303040444342202022023030400403332202203330304004322233330300030040403442444033003330404330442343033444400440300423330443333440400440440443344430400444044404333033044040000000440000033,
1011000102211112222211001000111222210100010010000101200111020011100010011200022211000111102222002002110000000200000222301011110002202220233300401011102200203232404100222110202332220441110211222003233304010010212002200322004011102202202223220440440220222033323300440040443033032230040044404003303233000440433344034032303300443304333043323320443344440404440322204433000044400033303340044444040444300333,
1111044441111102222200414011144222200303144011001440002000331041114441112203033001044410412220333000011441122100020303304441101122122200033041110222101102022303404011112221202232230444400022002002302240000222002220203202444002420200032232334000444002220320323004000402200203330233044000424400200233000044044424222202303004004040244000223033040044044204444434300404040040333303440344040404400000334333,
1100111010100002222210110001101222233003110100011010002330334441011001102202230004141101002220023330411400104400020223004011411040022233303041004010440020330330411444140022030000300410114440220300030344101140020203300333414444040220234444400100422424224433330410442444224424344044114422024440244343030040202220222033430304044002020002343303040044200202223400300402042202203204003344022202023303333303,
1011144400111112222211444004110222211333441011110111002133000411010010022211003340412020102201220300401022201110211123304011101222002102223041040111202220002003414414410200022202230440401002202022022300044011402202000332404044104200222200324044024442223003332244042220020333003000400424422030030003330442004420343033303004024420223444330030044244224334034444034002404440403330000344440040044403000333,
1011001011010002222210411010101222203033114001100111020003304144401000102003303044111101110220223220404444141122022323300404111422002023233344014014202220032000440144412200230320220040010111020330323204404112102223003230040040112202002232330422410020232224300340224111202333443030420040202022243343304224042242004403403044244422422240334030004222440442040043034440244044244433330340040040402224000003,
1100100000110112222201001100001112210000010110010102220100010010010111200001101101100110002000210110100110100020222022200001441000220020002010014400111020000020100141110102202222021110144400220200202244411404220020220033400140402022202003034000044422020220333004444042444440323003400400022333003203034040000220344332330040444400344343023220040000440333343322000400044044004432333344400040044404322203,
1100001122211112222210000112011222211330110010220110002100300011102110102211033011001014442223333003010101114244442222031001000102022244044310110010122424404433100011110244242223224441000444224023230204011110242242033220040040222424420032300044402442022202323344040204022030222300440044242022333203300040422424402003003044404420444022033300400000440032230300300400444043303330303344440033303303000033,
1011011102233332222210001010223222230330100010102133230300320100110111020230033201110100002202333002100100111002200322201144441010200222332010104042012200323302100400222122023203220114440201002033302001040220212220000302144044202211200003221104402202120333033210040440021234030030444000442012343003004000004220223430330040044404440434300300000440440344340000304440040033334333303040400444404443000333,
1114444111222202222210411114411000200100010440141002222110000110414111200110330301044144102110103003104011400122122203331040010401211002300010400444111202203300014404114422202230301100411144002032300310044300224232332223014433342242323302030111434420220320320344414434002033033030411404340202303323334114043002223002220200444003333322202022040004022022332333324404440022020323200344004044444223322333,
1041110022200002222211444100211222200000014001020110002030001411102221222200333014410111100233230003114144414020322300034414114004222333222344141411040232223323141414044420333033231144104000200032220200110044002202232202041100044202020300324400144000202233033240400404442200230330404044040402232030030044000022203222300300400000202330003300040444440332330303004440000033222033300040044440300202200333,
1000001100011112222211110010111001210000000011011002222100000011011000200001020001100101012000210220100000011022202022021101110112000222033241100010022200032032040110101102022233020421011103202203302004211000232200230222442444442322022033200042220022332202230004442440202233323323004002244423322322234404442244220223303340040044220333303003440404433330000303300040004040303303003044440004440333033033,
1114411112244442222201411440244222243300014414042042004443330000140424402004344410101004400020333040101100040022200030001100111042000220033301000000440222020323100111100420032232221110100114222332302301000044420233233203401110040223222232034410100420223303222304010440220022333003404440402200322003304040004400203302230340400400402223022303000044044044203303034000440044044233303044440004000042220033,
1111001010111002222200101100110222230030010011100100203330320110000110020222032200144401102202233302001411404112233222200104144411213033000201414111412133003222014144414420222033004141400404220020033044110404220020230023400444042022200322234004004422442333203304404422442002223303440404442423333323304044000040220002230300440004440203320030040000004020030300330440044420223303330344000404220220030003,
1100000010011112222210010101111222200000100101122202330330300111001202102303330010001101112220300030100010020002033300300110100222002232200311101012102220222333000100111200003332030101110042020032220011100144422020320322001444224200200343324104014420222033343241141142240033004430441101442444033440441144440042404443344041411144422333303033441140400442222330334040440444044444030040404400000000003333,
1100014122010032222211001141021112230000001101412212221300301110414011211113033304000411012223033003041114112110230003004440140122020030030000144110202222303300110114120200333003000110044202200203300044404002022020230003004044422002202330334404004000220222030040440424444020002330404044204022232223304000400222023330020304404002040303002233004404024443403320034404044424334030333044400040224443300033,
1010011122200002222210110011000222200000100101002233200333220100110021223330332201110000211223002230444101110133230002301410014101323000223041114440133232220030404140001202332333034044111101223020322004401400110022330220400401441022202332334044014412333223203040411140022203322230404004044424203320304004044040442022330300044040402220203033000044042244022030004444004444040033030340004400004433300333,
1000000011100002222210010110010222200030110110111033320033301010112001102333003000010020011123223300444111122022202330304114222121100200303041044411212222000303014114011211102223341004411442201022003410441144202212002034104004022111222020431004444244442002224340400002402244403343444000442024422443430004004440220243433400044400220022433444040402022303333003330440222333300030300344044444000000033303,
1011100022200002222211440100200222200000114401110100200002224410442221220020020241144002111202220020414114412202200202220141040112000200002040114411202222022200414011444200002022034114410402202220033040014140442200233023044401400400220332231411144044222022320314141404024444332322014440440203340323221114044002223003230000004004444003303300004440000404330000304404000000043033303344404444404440030003,
1101110010100002222210100000111222200000101010112220200222000010010112020000000001100102211202220220100111022102000200221000221110220220020011011211011020202220410011221022202202024440412112020000000240044022112022022202004400442020022020020400444320222023233344043333220032030330043304003202323330030434044433223300030303444004032230033030333040404433030300334444004004334303300340000044404443300003,
1110010412222002222210411104102002200300144401441102220303004111441101200003033344141441042202233000000411144402202303001111040114200022033010001044402222003033011004400200002223020114000442220020230201044004420020020302100404404022200203201114040004420222032200104400442023303020110111114122020332331004044411220223023011040404130333203230400400403330323332304004404400003232232244400440444442202333,
1211100112000002222212210110222002200000121210121202220222001012101210203302020001121012112330330022010201012022303302200211221120242220333302211221220244200030011221210022042333030101114222022443300041101442202443344330444040244423334404300404442224244430343000004020042204303403040404444244433304330404404004043400304344044004440034033040404000000400343003400440004040403430033344044440444034300003,
1001101110110002222210001100010222233330111010110100023222000001001011222333020000111010012332222000010001011023323302020101110112020330022201012202102223230333010011222123322330004011011211123300033340101010210202223223401444012022202232034014001122000200223040040444424422033330044040004042233000000044044404400330000000404403333303000300440400404400303330334404044400403000330340444040444433000033,
1104441011030002222211004111013300203330001114410132222022301101004401233332203000010011442203033300001011144402000033000014044110020222003001104041002020203330001040411022202030000100401442000203222210044012422203323330144000122020203222021044001224022023332210040144042202222302144011424440204330330044044220222444033000404024442443400300440042220442233330304044402022244440033044000044444043333033,
1000100000111112222210000110110222211103100110101202111022031101221221211222020300112022112221202230400011144100212003304011011441220133303041140041102201303030414440441120031103004004040103322311333004402401232233300000040024442323200333304402202022332043000300420220202224300333044420220400443030300402220444204334030040444422242043444300404022444224043003000400440440440433030044440440044004433033,
1111000122211002222210444111021122200300010414400212200233000140014111211122203011401100102222023303104010010233302332030141011102220320322211410010002033222333041100022202230003034401001202020322300041100010202202333030401011102000204030330411044422022440030304441404202204330344000410404244403033440440444022400330443000440404224044440330400400040004033303304440440404444034300040044404400004443333,
1100111331110112222211011003103311200000101022113332222033000111221120233302003000410122112203222330441011202202030200300411014420121130220304144144221121330223004044111102210330034440001000220222030304044101111120020303000041044022220203300004414402000020230040400140022022202033404444040223320223304400004440032333003040440404222322203300040004024202302030334404044244422203303344044042004200222203,
1111000012220002222200101100121110203000010011001212222030331101001011200033303010014011002220200330004140011020022200034441411001020020220340044102212202020223044011022122022233304404401012102003203340441411120220032220001411442022444342020111401422442243444210104410202220434332114044002444440430331444304442200344344040403443332023433400440033003322333434004044403322332004433340404030232220040303,
1001000011110002222211100011001222200000140111011000200220004101000001220200220241010001112202220022414014412202020002021444141020200000222011114411212022220200444011441122033200004011140112020303333304000442202023020022440400442022230202024004443322033222022040040330332233002203044000444233032200300404000042344032203004044000424433342033040440440433434444030000044044434433303044444040040330300333,
1110000011222002222211000101012002200330001000110112221223000010001010211113003000100104102222032233001001141200002322300100010412002220332301100104122000233222101010004202220300201010114440202200320210011042202200203222011004224202202223330144040344200030203301141443342223330344100414003402320303041014114443333230334401114404404222300430401440400443003334304440404044333304443340040440004444400003,
1101101020010002222201000111211122200000101010002212230033300010101111233030300311101101002230330033040122001120013003300411202221211130300004101114211201033023041404042022200330230404442244002022032300400224242244422323044402442442422032300242202420224202323022244440224422023230444004044424432220300404404400224330003004040000442203033303400044440440003300034400000404043300000344044440000330000033,
1110441011220002222241104410102022203333440101410112210232220441114411211122232001144414102222120333441011114200001030034010040442202011300044104440420222013003014004000200020030330144402224222020300301004020242202200330010404444243223330330144400402223322322210204000233233022002112404442223230333321424004420033030302004244422033030332220444222440034300330030004040444040000033344440440004400333003,
1101000000222002222210111101101102200110014040110112220111000114400001211110001011041111102220000111441144400112122220104111401041211120002014041110412220111222044410444011202220201111440222000200233204014202202222002332042442204200333202034422242244330032223324200444242300303303224400422420330000302440440242233033303004000044403222233033404444004033003223034433343003300032233044000333300003303033,
1111010001100002222200101100001222201111012110111102000222010120222200102011111011221110211221222000101124122122111202020012241200112100022244104401221120222000440140422322200220200411144023333220022201401044320222022020414334333220002020300443444342002223223340433434423330230003433443304023223033304334044333303333000044044034000300003330004004440333000000334440000403003330030040044440444443300333,
1100011001100002222201011001110222200300110414100210002033000011441002022203303301114411202200222003444011422200202000330141144420222020330001144111144020033220110144221422333032200001114244202300233200014444202203022302444411112200203020320004014420222032333244024424200202322000044240224440223323330402442240022022300000442240403033233000400442440433032330004440422404300330033040000004030330000033,
1110001011220002222210100111012022233300010110010002233033000100110010203303003001000002202222330030010001020200000300300011012202223330303001010100020032223030010100111022324233030101010014422440300001001114142424220300014101040424422023031041000440224420230311404404002422433030114044400402224303330040000444204033030004044440404443000030440000400400430300304044400444040303303340404004004443003303,
1000011202220002222201111012212022200000000441212112200000001110412114110200022201144121442222022032444110414244402200321114104412004020303014441140122042003030011144111202220033001104112220200203003300144424202220233030011422444233202330330100240402230232200044442440422330322033000400442032033000304400440224222303330040444004443020300300040004404333303303004404404334444330003344044044334334444433,
1010010022200332222211010111220222233000044101021002330330000041001210233030300004410012102232230333400100101102202300034100110100200233222241101001102220323330410110001102332230004104011100200302322204441010202022202332010410012022020223440111444122020232334410144011202033330430144101440422204443301041114044442404330310440040002244034443000040404024402330434404440444220024304344400400404422244403,
1110000111114442222201100110222000244333100111011202222432201110001120204443320310010012202224232203010112020124422233301010122111020420034414110110002204433443044401022202304340300040110202323343403044112020233324344430041102202322243000300440022022424433030000044444020420300300444000004444200333000440004400222020003340044004420002203330400400404240223300034404404004440023033340000044404022233003,
1041000112000002222211414110122022200333001441101202201222030011144410201110330344441401412221030330011141114121103330001011444141121103000001004012221200203333111104111202022202230222444200220233323020224220220020222330244424422022202020302004244200200200030020042220400222203030044004044440000033300040444000044403000000440404333304433300440040404444333430330404404400343044003344004044003304403303,
1100011011110002222210000011000222200330110111001110200223030011001122120022003304001011212220200330040110012002033330000410044011202232233004111041002202202300040414411202020033030040411011020022203344404102202000202030400401202022220333030044012022333020030044044044002322200300404004404022332330334044040040223302330004040004443444323030040404403334333222330400444040342223330344000004444333322223,
1100000011000002222201101110110222200030101000012202300220301100011120233322333000111001202220330203000100221112003222030110122011200332303300101202032022233003001101222322022303300104411203020302332311404010232020330323014040012322233322200140411122333222333340140014232003330443440444043322230340304000404420240244403004440404220442430330044004004440440303000000044404040043343344444000040440444033,
1000112022221112222210011222011122233000011010211012200003000102011210211111030000121102102222033303111200220203330022331000221112003222022301002110022232320003411110010100233023304440011110222232230040004442224433232300044400402422323303000404004024020230303000400004044220203003040044440040022030034440000044002200300304000000044200330000004444004042233300004404004440220220333044400040044422200033,
1000110001110002222210010110001222233330101101011101020220031001000001012022020301010000010220002223001011111022002202030010404441002202300301144411112220223030414114022211120003334041104224222202220340441244424400200230442221224222422202302244411202004002303024240012202244030033242404044444040333004420444033003330030024240403303000003000220400300030330033034404443000330333003344400330003000000003,
1110011101100002222200100000121222200000001001111202000222000101100220202220200001001112212200203333011002210122032322230001221110002333233211100122002220220032110111202200202030324414414420220220330241110440220220022430414404044402022244331440400004402444304310004000402222433330104440444244442200031000004004004002233000444404440333332303440004004044444033034400404033303333003040004440003300000333,
1410001002220002222214010010002002200033104100102202220030031041001020200333033041411010202203202230414001002022022200334140111100002020330004110000220220003000401100002022022230224401001122112020322304101101112220232333041101100202023322234001010112200232302044401040120222323332400111401240332203220440444044404233323300440004000444303233040400044440040002034400004000004003033044000444400444333033,
1001110110110002222211100011211002203303001000102212220220331001110220211113223010011220112203133030111001211022033033000001111221102030000000104001102224030333101041011204243330000110411001224430030300044144112422030033440004424424423330034440040224240223033000044044224233320030044400040442003200334000404404220222330040044400400240303300044004044440403303000404400000044430003044044044444000300033,
1000110001101102222211041011010111211100104411001102222001001441001140200111013041110114412202201333440004411002021113004000444011120221003304040004402111122230044404442420200123304000400024220221120340444202442023202223400402022244232232034040222020222300300340404443023332203303004404003223222022300040040430223332233044000043430332233220404404434330023332204004040343033202033340044003430330220303,
1111000010110002222201001111001222233300100010001102000230331000010111200022233010011100042003323230101010110422030332231011001004020222302301014410042020223002011004222422243303321010442442444230333210140024022243322202014442042020242332300104222422022420332311104440202202220323400104402000230330234001400204222330333044014442442332300003400141044043422333030444111004434443030344004444004400400033,
1101110022200002222200110010200222200000010010112100002330300110011211222203033000001022010020230300000012240102032303001001104440222332220011000111142332332330010001404442022232330010104424222000322040111442424202223020410440024220320203024114442224233303332241002240042032300303400022440442223300330444424040024030300304022040404440303330004224004400400303000440040404040433003344044404400444003033,
1111001110110002222200010001011022233330011011101002230232034400101010203302220304110001102220333023144110012200203002230114101011020203333001040014410202220030114411144122202022230041000224111200023344011042242222022030440004424244402233204040442442233323332204422240423203320032004004440232302220200040404000223332002044004004444403002220404440400000443330004000043333344030303040044404444333000333,
1110011001110002222212211101121002200330120220022202220222300112200200200012123011101221112222111303000122120211112223030001011202220132233200011001002000333232011000110202200302021100444120220330222000133341202024300002011343402200243302220011403420222420333044404434440042223044044043334044002434404004004433344404433344044404400300343030000400404003344333034440444004444334303340404000000043344433,
1012011441110112222211220141144112200030112101401402220022302211014044200022023001211004002200202230012201040022022333221121210422002003032201012104240220302033000121242422022220031110212244402033330301011244202220003003444104402244203003304041141120424330333001144141204223030000114041414422444300000041114334442433033004400443430020300300004040334322200330334404404440333330330344404400044440000303,
1100000011110002222201011110014222203030010100011044244433300010000104224003440300111001140243334403010102222442444033030100144442020020333010011411142002220003100101414422202022231001444224200000002301104002220222022023110004444022002202030410404022002023323041144400202223032333404140442202333220034041100440232202333040441140422323033003400404402442233003000440004422400300030044404400244003000333,
1111144110101002222204040141101112200000044411144102220022004011441441200020020041104001142022202200440141110422002000200401144441202200022240410101110202233323404441122122202022334040012212102000222304000101102202220332444400110112033200320000440044122332033240004404042003033003040040043422220233234440044434333022232304044000033003333223004044303003030223000440403003333033233344000033300000330223,
1100010001111002222200111011010222200000010011011010020000221101000101122002220210010010100200202002000101101022022200000001011010002020222200010000102223330000011011100002332222000140441222002233320011440432002223020022441114323333322233324401040320222332432200444033302202304303440043403400223430330400433444022344330304433432422403043303003344022444433344404434400442223444333344400444000033040003,
1002200011110002222210022111220222200004101112220333332030041100121120222230330400001010233323222304000101122302333203040111000203220030344000101110202233033404000100122200234344341101022020222444333400112202020203343004001211022200244343330101211001222403403011042001111424434430110421100222422300430044201002044200334340404200024422443043440042244420442434000040444040224424343044440000400224240333,
1100410111100002222210004101000222200000011041001110020003300010401101022022230001104114412200002300100114441420002023001044410111020222003011411400012200020330004144001020222003034411240110202202222304422411220200203023400442242022202332324440442422020222323200400422444020332233000440040443322300030044044433343322333044343304303403000303403344334304303303034030403343040043300340304403433044430003,
1010000122300002222211100110023222233000000111002233320230030110001010222322233301000110112033320300110100112020222332200001110222020322332200012211102223332233011002011021122023301141122021122322030014411012112223023030041401122211123330330411101230222200300300444424333300330303440004240440330330304400404440403303003004044400004404444430004000040400403330300440400444004440030044044440004404003333,
1110004401220002222214441140112022200000104141441102200222200111410144200020000201041011142002022202104411444120222020220441414221220200030041114414220020222322444104142022220233024114001402030332302211444112022233230200010404022002022302000010443220302232220001114030033300333033001040333030030300334444040444433344444304004440004304330030400040043404440303304000004433343003000344400044300333303333,
1111001111000002222200101100000222200000010011222110002022000100012111222200022001001012220200222002110110111020000020220040101000222000200244400121110020220020401101210022022202220401104222022000002344414444202020202203040410302322022202030044113203020200220304410403330200330030400444344033330300300440043404000300303300444330040030333003043330044400030303304440004000443300003040044440004443000033,
1101011441110002222201101114401000200000000144411102222020001101411400200002220011011014112022202000001010140122002302221110041410200020330244044441120220033033404000221202020300300444042210220022203300404420210020202300040044002122200203300404004422002022033004044404020202202203440430440022203223330040300040032033322344430330444333030320043344330040030033300044044033330033000044404040030033303333,
1144011144222002222201144011441102200333444114441102220330304001011101200023303014410000112220223200114011112200203322201041022210220223323341411012112232203003441101102202303300330440001220200323330040044010202223322220044400011020032333004000444110020322030340404040220232022033404400042022020003004040044422020200030040400400444022330300040400440040033033030404044040404430003344400040440444033303,
1000000110011112222210101010111222213300011011100002011133221011000111002122223211001122202222111033010411120201110120231404442112001200222314400414122212220030111041141000211202300400440413322110222344040441332202220230414441110230202233300114144422322200200341414400203200222003414110442030233020030440114433032303333000400040030330300030440444043303433330000404004404444000033344040404400004444433,
1110001110111002222201101101010010230000000100001102222332220011000010233330233000101011012223222030001011011440200023301100144144020222022310001414220200020203011004122022000232230100041200203333003211444110200202223332441400002022202200324414044422002000030200104400202202333300444400420332032200300040044230323332333044040044303323030303000444003302202330034440040443023223303040400044403330200333,
1010111101100002222211100000121000200000000110011212222020000010100010211102220001100111012201102022010001440020033300220014414410202202333300114411110202200300011041440022002030330040012422022033303044400124202003223230114110242022232022034114444244233220220344104002243320020023414403342440202202230144334440222023332311143434044433233030004044033433430222300440404334304432023344004044433404333303,
1000110002200332222210011100220222230000111002111110002303330001022022022203303311110102212200030300000011021110200033300100010010222020030001011011012002220030111010022102023303340022110221222030334411212002420202330434212122204220020444332211244402022243300321010244024000430330022224222040444033004444042424440003030304004404422343330030000040440433340300334444000044404400300340004444040440333003,
1011100110000002222210110111000222200000100010001111102333300100101200222232223001011102220200333200011000021120022232000101122110222022033340100212240020003300441102120402022200304010111224222002203004440021141202200233004004221411202232300040044441122020330044044033042200020303040440344440232230330440403300033323300300040400303044303300444044043303343000334004404404440434403340000004400440440443,
1111001101101112222200010141101102211133010011044012220013300100114410211011031311010411102011221113101104440022212210330140141044444203013011401114002222033303010442240200332230330120422442220232203342224424020023332300424422422422202033004404024024200222303300440242240200202303422224404022220323004404422444000000330004404422400333330300000040033334400000330044044404043003330344400440444033300033,
1001222201111002222211010110210222200300101011022211102333000010022121222203003000110221011200222033001000111210233020301101112202122033200341141120202202223233414144422200202232231441411200222333232340011010220023222030444040012022032303334004440122022233000304404041112043303330040400444040444403304404000400440033300300044040440400003303000404440404033300034440000044333003030344044444004444003303,
1001044401100002222210111401101222200003114414001002000222031011410110202200230301144110012202203303010441040102200330300010144411233300033311001040402322220030141110044422320033001440011140023303233314044444022322230220414002220233032330204144020002233023202241042444400223322200410422242022203032000140204222000330303310440040203330430330100440424404340300034440044240443403033340402224433344433003,
1000000000011032222211101222111010233000040111212202222330000410001120200330033014144410112200330303141400101102202233034114010010200223222344410112212220033303400121021120022030300441212210020222033004012214220200333030040144042022020230000400402422020220300040044222442022020333444024242022000200300404244424420032223040442033444200333300404020403033330000334404440033030003330340440044444000033003,
1111000000011102222200101111011222200033010014001033320000330104440013322303330001104001112202300033104411122202023033004040010111202030030004411044410220330330411144224122000032204044142204002020320040411420242220233020401104042420022230204044404424020033222004004424220202323303044402220322022230330402242433233330330340022444303220030020404440334333200332204400433440232003320340004304422202222333,
1111000022200002222201001122020222233300001012111211020220301110122201122333223301010110212223220003100144122200023220030111441120222232033004440144120000333030004011041202202223300111404002202020200344114044202322020023414014414403002200234141110104043220222311440011144033300332104004444103030303220114400041433003303311444040014303030333441104401144430300004001440444003330333344110000044000030003,
1110001000111002222211000110110011200000001110101002222000001100100100200000222210001011002000020000100104411022202220000111104001110202022214400442220222044442140442204224424222201404002444022440203310440022042224220223011040444244423220231011441144042232322310004114333220303330101041330320023222301101143043233223330300444404403033322300443333440033000322004403003303303303303340444443300000030333,
1111011001100002222200010011011222200000100011041000200000001101114410220000222201100014111220020000004101114202002220004411100444200002000004144111402220200222040014441020002220200411422211020000200001414221220202220020114144012022020202231440404420202020223314000404240023203323004404404422232230220040443442030300330204400033323300330030400444042330330333004404040422030030003044000044333303303333,
1100100011144442222214111011044000244433140141100402222403331414144044233304300001441404002030334400011410440022022343000100144110200223433300110114120220030300001104441022333030001101224022020222300010102424220020203330001024242022202300001110042200200033303000040442440220300330044442204422020303034002244400200203300340224400440222030330424420404220000303034244224044200330330342402444022003000033,
1100010210011112222210111122111022240300112220212202200403300011020120200444003001212221212040003300012212121124440030001011101214224222303011010111044420223030101014404204233303300000140440222030030011001114420002322030011100411220220200300004444102022022030044400011424444400300040440044420030233030400444004222322203340400004402333200003404040040332223033304404400440320233033040440400033000222203,
1110222200110002222201100110201222200330000110112211200220331100110121023330200301101222110223022330404102002122003003034014112201002233300340140224102220003003411042441100020303304001442220222203000304411422020000230000441012433222002300004010124432002220333004144404303300020303041404040330022203034400404044300233303304004040040333223303404440400443432240304400044040044044403344000000444044004033,
1110000110100002222201101011001022200000100110001112200202000010011100211112220000110010112220000020001010101202003322200010100010200303000211001100102220330022140401010110200033021444001113320222203301114400232220002033000440202232023333204404002022332222302004400222002330032223040400040322033343030044400433322344330300040004044332403030444000440433324300304004440044044433303340044044004400300003,
1111000222211002222200001001111222200333110112210020002030031001122011122202300001102111212200223030110222012100202030330101102120222202303010101222020000222303140110200222000023031444210221020222030014112112212020320300104112112122203230004040022214403330333340444201143444430000440024410433033330004002244140033000033324220040443444443300220444044040033340304440044004403444403340400000440033000443,
1100104011100002222211101140101222203330440101400100002033004111414111222200003040444412010020033033042101122202330303324422122111222323300242111204010202300302422122040120223033320422044410220230022004044011102200322330444044100110223223300000410440222323320004440114020003232203404401440222432320034400441244242030003014400412224420303330111144120422203300304444112024330303000340011022240330003333,
1110110000110002222244411011110111200033111401001002222033001104100000203300333040441100112230330222404010101120320320330401001100202223223304110222110202032322044112000022202233320414402220002003003011144020020202233303100040202202022300330144044420222020300311144040244402033300014040404240220030304440040444022023233004044400400043222300400400000444033003034000444404040303300344400004000003030333,
1100010001222202222210000111010000203333100001001102222322200110000010200003020010101111002220032020101101201102003322201044422210202222330001142420112202033033111424022202202223030041440220200223330044411400002220023030411010444200200202300101044104440222023304401001010403332223440011101114322233304044014444403233030304440433300300330300000044430333404030334444004003044433303040004404444040444033,
1011102022200002222210010022020222200330111002121100002000030001111011222200033301100001220200222003011011011200200233320100001011222102303210001112221211332202010001024211200330200100001140122330022201000114421223322020001110040220322202000010044044223330020200014400043323022202444140000443222000220441044440033020033340010004303003330030400400404330030033034044044404300300303344044040443000000033,
1101104044000002222201444114400222203333110041040111023302230011414010022033223000101440112202020230001011401020022233300012114101120333222301024411012223030003114241122212322232224142442120203332200241042221202222300302404401114200332333004041104042203222300340401140422003332233040014442402233220034440011044420223330340044114042242300030040040042244403330304400440403333300003344000044000000333303,
1144010022211002222241140111211222200000441441401010200000001141144410020000222201414140102202220000114141112202200200220041441211200002002011101042212220000022104100444110202222004441100404420200020000414440202220222022443340402232020202220444330302302202033003334303323220000300303043340330003303003044400440033303303434000404433030000044340004400330344444043404404404004333030044004400444433003333,
1100000100111102222210000110010222233300100111001102003320301010000010202202223001111011002200002030100001101122022203001100001014002002033301101104442220023230100011042240200032221000010024420222230214444000224224320233104000444422443322331404404032442202330001104400342220223030040104003444022332304441404433033332223300414004403222233300041444003333030030334411104440000333003044001440044443000033,
1100101000111102222200111010010002200000101001110102220022001001100011200002022010010000002002220002110110111022000200020010011021202220222000101001220202200020011010112022230200000010101133323300222044010220232303220320401102022322220223204040022022344020230240044442033443200322044004022243332330334400222002443023033004044444043303030300004000004400430300304440044044044330003040044400004400300033,
1110001101222202222200100014114400200444010110141442222000040101101410244044444000101001412404000030001022114022040030330110022114244422330300101112444220230000440101022422022322204011001242420033002044104211442022232020004442204020323222020404002240223203202244022204220230333033440202442220230303300040044033332300003000444004302233003300000040040332303003004444040443320030030040004440400000333033,
1000011100111102222211100000110222230333102111000100020330000120010010022030033311200011112220303344011222244440020404340221111224222204443402214044424444400030011044004222002220330011141040020020230011044114042022000330044011240420022000330441422404223323330000404424424203030000000404420444233434000444220222402443443304224202442220433433402442444244443303034440442202233344030040000220220303440333,
1114010000010002222201041101111222233330001401122212000230001114122011211122233000411220112001120330441100100022000111304440111222020222031000144012442002023313001401024022203030031114411004442333030344410112224202222332400112022422203233224000222004200030223304400444420223322323440040402422322333204044402224204440032200400004240440303230040440040440003332300440404440333300023344004000003000330203,
1044411122211102222210411441121222200000114104100111200220001411401110221111220041444121002120200233411141201121222020334144112221211102223004012211120222042322040022121022004443324401112201102404003240011210202224433300044032112204242230330040330122440420303340443444442442200300440343322022244403303443430022020440043033304300330440344430003440330330443333004440033003033344443340400303000303033303,
