1102200022211112222201122110211222210000012112111011021112002221122022022022220004210121202200111110444201112202110000000422202211112110000042420221220120100000424442011122200111104240111001003220100142341044403302030111243414413433223313312434411434323023130024340144332232231330044341440320322130034003441140203311303340433443423301333003404443334443111003304334343433033100003340433444033003333303,
1110000001222202222244114444011100200000440411022102222002200044410210211102202244040121112012221110400241222122211122214402221112111201212100444212121122010110004011222132233222204041144441233230200044044140013222320222404041044133323220220440411441031322303304004004131113033303040000404313330030334040444043310033000040404004443133033033400400401011333030334044004411010000030040044004411011113333,
1000001020110002222211100111221222233000001000100211002302200001110221222200302200000110211211113332110010012211201022231011144111222122112314414401221021222123004040444412121113300440004033122232223340044404031330233223404044043313032223320440004441331332330204000400011010302322040004004110123222304040044404011323333040444000441003220003400040040413330330334004004404111033300340044404433333000003,
1111000110110002222200014444011222211110404411111002111222014404004441112210121100440041144112011201440044014414422021104404410110112411210122241110441221121101244221214412201200014422022242211102111004244424223310110310224042444233131103102040422424230301030122420242243233303311044202424432200301134022244234332303330343330400234303300303403030322344430400304300303323334304033043003303322224440033,
1110222200000002222210011110222022200000100133312332200220000033130123244440220213311131302222040202130013313204404440220110033132224404040001011113110202222422114413331120202444224411311131222442224041144014323333432022141444144344344323221441014403434333033214010110434342223320140110114313442022204140100043133403023041440111441143332333410441410144400322304001144411403332330040001101010030320333,
1100222002201112222201020202220222211110112221001112111222212212111010202101110124110100102220021222444110110200022210020400013112111211222000444131022211010200004041301111222112114400010333012202211144044103403311112202404044434331312020220040003443113322020200404030413303422002044040340433434302204004443434304433233040400034344434432030404443433300430323304334333000444330300040330303304033003333,
1100110000101112222241011011011101211000410044122212222010224100441121200002120240111144212221122202040014144111210111110444041113221122022204004413311222022020404411033311002020004044110411312222022240404141143311102002040440441431301122020404044044313332202004040034041311300220044044340033110332234000403444310310303340044340303113103003400033443303331030304004343443300010033040044433344333330033,
1110440012200002222200114411120222200000044411000221112002200140101111122202202211141144402200222020010444111100223330000011104410111232222011010114433312233202110101411133133233220010014113113322030211144104411312202220144144040133300230200411404404434333302004141400443434400302040414004034343303224044144404343300333040401000443403030003400441440430300330034000414404003033003340044040003330000003,
1110022121110002222210102211222112201100440111212112220101204010012211211011122204100102212211212020441444111323312221110414041133232211102241004033133232122202414441331112322122024040011132123302110040044144432240222112044044104344333320020400141143334443022204041010344430443033040410103443340030334044110130334403330340040401344434400430404044413433300444304044040100300303343340040001330333303303,
1101110101111002222211010011100222200000100011010220020000000101101022112020022001222111211020222022011121020122202000204400122212111202223340441211102222000223404011321200002220030440013222111112233000044311112230313233040043401433313122230404434141311331323204433441411313113032040434044433113330324044434033430011133240343344334300101440433343440340333334304030443330440404433340044030300044404403,
1100001002200002222201000110220222201110010001010202111120000100001110112022200000111012221121112022112211022122212200221220201112111212220011022211222122110022001121221112202222024412111212211111202241144144123222331111404144142232332331034041411440334323133304401143043443111300040443443443434410304004034434333434033040044033340340343300404004404344433344004040440043304000330040404000444333330333,
1011330022211112222213133000211222211000133103330101112010001311130311222202100010013111333020220220011031012102022002020311321211222000220243013222112002220002433311112211102022204111333132221121122040144343111122121102041443433313321210020440404034331113022204040440043433332333040440044403440222034044004000334330233040000044003433300303400040044034440033034000444004433333003040004004404440003333,
1100001000111002222210001110010122200000101010000102200022001011011101200222022001010101012002020000411010100122000002224410101110200222202040100012220220002020040112211112022002000441144410220220222044014104011030200320004041141133300332001440401141232333222314144143403220223333141114434433022022204144044343433203233041043334033443333033410443044334344443004140030044033303030040444033333030330333,
1144202122200002222211142221210222200000444111121110020000201114122101222002022201442241442002220020004244411424440202000402204014422400022244424404411204222020040440144122404422300014011141102222033300104144130323032232041444141303033223220414004410333032332204411400110000303303040104010033330300334041040111311103303040441441401331303303404011144113013311334004441411330331130340000404001111133303,
1111122110111002222200022112021222200010044221022210021011100424412001222111001004224122111220010222402440110121111020204442240110221022202340224440120201211113044404110112111222230440001104102221102340044414411333213330404004414331132123204040401144131302232240404014111330223223044044141031330333034000433444330030300340040340003303300003400443444300303300034040443400333300333040440033330000000033,
1330303300222002222211033303302002200000011031111102220002201001133000200022202211010302202220202000100113302202020002203333311112002022202044411330102222002022114103030111102020014411330333410121111044044443443331202221404034344031112202110040334040344411121200403444044331122122044300404430333111224003040040330113013040033440043311131333433443400444300311134334334004033033013040044004403300003333,
1110020111011112222211002220121022211100001112022212211221000410100012111211220044040101112222101122404441101210002021220004014442111122211044404144022244111220400444104044242221224001141144222242211200114141413113330220040440414133312332330404044411131120220304040001443113320033044040014033032203004000444144303302230040440041323222203330404404012323333300004000044023222020300040444044233302223333,
1102202202220112222211442202020002211010414244420202220121114412242020200022201040110422202220244100040140411124444201114441444101420222200104041114442220001110404443122420022221004040031222311111212240044431111322221221044334343133011112110404343433133032211304044344303003331233040443403430113110304000333444333113113140330404034113033311400304403344133003014033004433431033111340003333004333003333,
1001102220000002222210110120200222200000100001110220200222021001100122000202002210011010202222000202010001110230002022200111101442333222020300400144022230020003404441404443222022234410411144043322022340111404103332332003041444141112232220300441414401013300203004011140101103303330041044141011300300034010041411033003033341104414103300330003410410144100330300004014110101133300333340144411101100000003,
1144001111100002222201401144400222200000114110141110200020000014411141020022200004114410412200002000444100441420222202220401444011211102011200441111011201002212400441201022210222104440402011021211112240040424112113133012040444244223130331110440224422330330313304002422432331311330040224244322231313034040042443023313110340400442232321330333404440044322210300004000044040303130300040000440443331303333,
1001000011110002222210111011022002200000110100012212220220200100001121200022022210101100112220000020101101022211202222001212011212021110202002122220111212220222022111122122200201121112221222111112001141044421113303311101414004401130303331004040400400303000013040404004443433303333044044400404000300004004000040440033303340044400443403003033404040404403330303004040004403300303033340440404433300330003,
1000111000011112222211000141101002200000110000410112220111110011114101211110000040414410012220101100404414111011200101104141114412220201010241141011211102111222041444122142220221124440041121444420221104044144443222232021004044143233003302230040041132332330223204400140332230023332040441403432333223224004014440320232203240044000043322233330404000040443423220034044404404404333200340000004400444322333,
1110022202200002222210100200220222200000000111101110020002000000010101002000222011100001012220220200100110012021110220021011000122121000200200101101221202220222044011101122200220004411044401011120022040014014411301102233040140111431333332331441404144330222232214144040443343302320141114443044343303224140411030333430330041404011330034430030414044403433000300334141000444030333030340114440403300003303,
1100010022200002222201101110200222200000001001012102000202001101100111202202220001101110002202200020000100011202020000220111011012020022220241401144102122112000404441441022121002224343330401221221112043344443411121122121344043344134111221013403343434343333301134034434303344400301340334403303430443104330433430303334031040334334403343443311404344434433443111304044330333443330133040040003004431110033,
1104000110022202222241444001022000211000411400011202222122204041111002201112120040444101111101221000041114000000122012224410441111011002212004144014441102220120404111011144100020004441101144111200202201144034143010222022114044341431333002020143434414331132222304433404134311300333040034414330330300034003044143303003333040333011444334300443430303303034443440434330030330330434303343000330330330443303,
1100011122220002222241102212111022200000401022121002200000200401102210200202022244410211002202220020400122102202200000020441201121200222022244221100212220220002424441112011211112202240022211011222202242404241313333023323240442413113003332032404404133013100033324400441013331333000040040010101311003304040444011311333303340404004413331103030404404404311311103034004040443311303033040004400033103330033,
1000100002201112222211101011020222210000010011012210002110220010001101122200120200111100112211112220010000112211202202031114410111222202202301040102221111120223401441112122202122034411144421122111333014144042413331031133114040424143301311101440422244300333003304334040403344003303043034400434434403034033044044343340433040003004044334434443430333040034433303034330300444333403030340300333330344400033,
1000011000222202222211110112221110200010000010020212222001110000111021211100101004440010442210111001040041011442333310110044410111421111333300400014041122122030440444114441223322034404040114112333023300004044413332222332040044040122330232220404411401232220323304401141412333203003040441414130232332304004404114302232223340404044143220300203404000014430323330304044404140303220033340000441110333233003,
1011104444011112222211001411001022233000011014101112200302031001041122100233222311011144202222003233101001442233302333220111441111132222322200144144033133332330044041114331202220334411141044112202330340114141414133332330040440414144422323200404044401333332220204040000411022230022044040044031112302204000400443110323300240004440030333323222404400043330022203334040440444033233300340440440043330303003,
1010000112200002222211100000120222200000000110110202000020001001101011102022200010001010102222020222011001001203330002020110011102022322202000011014422022322020444101414423323302224011014141111320333040044101141031222302144041401433313323021434414044131113322214331444043133303030141311334031043300304111311340313344333040103033443113404443410033443430433430434110304433444044330341444404334004403033,
1110222022200002222211412011120222200001044102201200200022210401020100220222002100411221112200022021044421122102022011100402221122002022120100402441202221121221404442441021112121214040222411122221110140044441413311330031044004144313331303330404411403141113300304040414031143100300040044404314433033034033043043044033030340034003444003444303403344430033334340304304304333044433003043343334444040330333,
1000011102222002222211110000111112200010020011110002220220110202221210100021220102002122111222211210200201110221000201112022210012111222001022020222122010202221444020212011011102210422202022111401101124244240243344330100224242442443343111010242442443434331301100422243343430133110044030434434331330314000304434334311133140303334343443443301433300433343440401014030334400433334111040003344004440033333,
1111011102222002222240144010111002201110444144041402221010100041114414200111330144010011402333313111040010114122211330034401110141111211033300401010142222010003004440131110002333304040001133102220223044044441413333232300404004144403223323320440401400302332330204004410403220202022040044104033022022024004001044432202202040044004033433333222400044040344402223204004000403343302230040044404400333000333,
1110000222211102222210102221111222200000000102122200200220000001121202020002200001011011202202200220111001022212202220200104011121111200002200444144102222022200011410401201102022000141114411101122002211414411443301322121343341444030331111213434411034334333221134430441344434443210343334443343304030214303430034330303332143004333044443022231430444344303330032314343334403300033323143444340033000300033,
1001110110222202222211101011221111200000010100121102222322200001112221240033200211012212112442223222101022110022442230021012112140242200322300121221444202223233441214441142233322034010104411220222333041043400123332323220141434440111331023221414434041431111230204140333414330222300044030434430330003304004344434330033300040043040303300003000400434043300303030304004340430333033033340000404440030030003,
1100442202200002222201100420220222200000101040244421002022201101444041112200020044011140412220220200411410111440020220004114410014022202022214041100144244202022144014444114202220001044140001122000022201114144412233303332141044334213203003321414404342132030302014411144321322033222140141042313213303204014440423131110333041114040133133330303401411441301000300034104414410113030333041004100110133300033,
1110001122200002222210100001120222203300400111012110020223304440122211222333322041041202102202222320111441100100200023220144041411222033300044114414110202223220441014144411112023220110114111441020233210044141043343332223144041414034434300321401441440343444033214110044043430403322141014003443330300204144144034400033330241411400333033000032414404030003330300324101004333000033003340111044430333033003,
1001111012200002222211100131120222200000100100312110200022200331113122120000202033130130211202220200001333111022100202220013113310211102000200101413121212202220101014113122242202001100141131112442020001144044331343333022144144044433344303021411040003434344030214144044034443430302140140444333033403304111440334443034000340041113343330440003400444030434430430034004003030433303300340000033344430330003,
1001011012221002222211010101121110200000110101100212222002004010002111211100222044111021002122200020401401210022022022000444012011211111233304000112211200022003404441212212022033304040402111222022233240040422131332030223040404433133220323330404404431322333223004040403411332203300044004434010323330034000044344013220033340004003040130030300404044404041033330034040400040110000033340440440444033333003,
1100111222111102222201101221110222200000010102210102000022004441111222202022002041140041111120200222113444144422202200201033341142444400220001444311022202220220114033001200002200201043344413222200220203344344113320222020034343331031333332203343434131331102232204434041311131112330043404443133303022304034400133130333003040340411101110303303403404440133130300334040404041303303000340444004411133033303,
1110000022200002222201000110210222200000414441221112110222004411411221211002020204112221102122200022410102110022122000004140110122021000022241444102202112222020410401120022211200200440222111121220333344044420122332130030404334244133221303030040343431323113130340403344314431331303044304334143331113034303344341440130030043343433441111300000430404043433303330304044404433443300033040000004334440333033,
1144222101111002222210044211100222200033104020210111200222031444222000121111123041401112221223330333411012122122022330204110222111002330222040011201033323223320044411140322233222330400044113113223332304044114113332023303404044143131220222204040404403133333000240400040431110103022044004044331011032204000044043441013330040040440404410101133400440040411133113134040440404443313331340440044400431113113,
1044404422211002222211110440212122200000444411144112200202220011401041210122200201144414412111011010044040411422201101110440044114440210001000044044142222022201334401114110102122114340113333112221112144344414431332332223404344143133233323330443304431303222323004003403414433203220043304334141432333224003044341414302003040330431441110323333430033311144403220224300311301403332022043000113334222233333,
1000001011110002222211110111200222200333004410122202003330320224122020202220332202241121112330232232444212212122332323334042211220202232200302242110221202233330024441011122002113004240044441223333311144044004013322211313404040401032320313330440404413323233011004004044102230331310040004001021331113114040044012114133133340444044011411033110400040004004141131134004044044401401133340440440400444010003,
1114011101111002222210044410001002200003100401411102220303330101114121200033300301014412202220030330010041112112022220300104041211233300203301444102102223020300441401112111230233304011101221133202223040140121123322333322040401141232232223200404401412233332202204040414123222033300044034414133233043304034344041332440440340343304434404044043403444343440440000434030303334040040404340033300004440444043,
1110002200122002222210002021201112200000100021122212221110000101211021211101222201110221112122220100004010210022000211120044122011211111012211141102011223022212444101022212322002114041101211223022020101144411411323320020104044114133343332221041014440344322230214410111144343322320140114400433443343224001440404330344433240004004040443034023400400044043330322234044400400444033303340040000000404444003,
1110000112200002222211000001220222200000001111102011020002021100400111012022022200111444101120022000001441041022211202221014011101111211122011014441442212000100144404144011220111100400041401102333330304044011413332202033404044404233232322224040000443222322330040400440430333002330044004040330003020304000440443030032220340000004403300300333400404400443303300034044404040440300333040040440404333000033,
1110000122211112222202110011121222211000220011010211201101112020111220221222000102220001111212021110002022200212000022100204220221021111121002444110211120222101022411012210233331114440100111222322133344044441043332322323004004144432223320200040401114342303322300404000134333344203044044410344404330334004000103043440303040044401134344303300404034310343033300304044303330443030003040403303000433000333,
1100011122233332222211000101200222233000010000120111102033000011001101002202223310011010102220020203110100101203333300031000110412302222333201100144122233203032110001141333203322201011100141112223322000144401141333232302041400401410033223220404004414333022333204404404414432002223040041411434322230334004414144332323330340400141443023303200404441441132223322204004041144433022320040000414403332203333,
1100102022200002222201101120200222200000001012110111102000001101221122122202222010011121212211111002011010022111202221220010011101222200111201144041144440220100104400444111422202201040004114013330202210044404414144332020140404041444132223020440404414111303332204004430101303030220040404031103033033324044040330333003022240404030330000333302400044334033300000304000443340300303033043333344403003330033,
1000022202200002222211010200220222200000101110242400020220201441222444202000022241102442202220222020441114422200020022024044411110222202332201114144410011122232014414133111011023330140111333010031322210044044413333113312104144104311311311121041141043031333012014414114034311301020141040040343331112224114440443404030130041411114344044303330404443303334403303004000403034433303000340000033044403003333,
1100001100111002222211011101101002200011010102202212220000010010221221210011111000111212012111222001021221001122100220012220211121212220001102002201220202022213201101121112020202332210110210123330230302141044232234302030241444040344432223332404000443433330030024404040033444033033242440404403043030334224224044333430330340242244040343330030404244204044404030304042402444040443303340224420400044330003,
1011000111022002222210100001222002200000100111102002220002201000100020200002202210000111002220002200011001001102002202000110010110200222000001011001012220000022000133333111202222024401001113010200202244010104113332030200404011140032323332030040144403032243222300414110430333344333044141014330444334404014411044340430334041114004040433300343404404044044430434334040444044333444344340440400003300433343,
1221110022200002222211121222000222200000012220202220020202220011112020022022020201001010202220022020111444111200022002220104041401122202202044004104441000202202404441140112222002024040001044411112202200044414044333120133040411444133112211310404114113113131133104401414033131133111040104144331303303004041041041133030030340410440413003033303404140040430333000334041440440330030000040000400443033033333,
1104420002200002222211044222122002200030104002111202220202300144402221211102223001114000212220111130000104442111200001300100111412021111100311101414111220000103410104414122122221334411440113112002111341141141313222303330140441413133233303321404144431133223222214041133401223223030144013434433330230334330334344042223330343434344004443322230404344040304032332304044044043003322303340000004433300233003,
1112200000222002222212120220202002211000222102022202221122220441122020211122010004012112002210021110440121222020011221000040102011211011122004441102211211000122414011022212122221024111001111222333213341044443413302223130144340344033230231331433033344343332331014343434334344313010140434443443044311104144430334034043300141011330043340343111411000334044403431034333330044003334433340000000440444400443,
1101101111222002222201101100002002200000001020022202220022221101222020200022000001011120202202220000011012111102200002220001222012200222200211012444211111201112101114111422221202101100041144211112221000114144343322211103041441403434333221130414144030334433233304041104334434403000044040144403303033304000440400330333003040440440430030303303404040004433300303034040444044030333003340000433333000030003,
1000111100111002222211110000001222211000000011111012110110220011000001012112220201001000011120102200111011101022202200220101001011011202220200011100112122300332000100110012233344331100110110113203440310111441441222343330140444044410323343300440004331333323440204000044030022234032040040044333244433324000444034430242443240440040304222423323400404003040242232234044044430400432332340000040300444332233,
1100001000111002222201000110101002203333110001011102223300000011100100200330303000110110112222003330000010101233033302020100100112033023322211101110022232222333010100011133233332234011011041122200322241144414122332032330404014141113233323334040141414332223220004401144044230203330040014104433320204304004441403432202443040000414434220222403400440144344040442334004001003404404222340044101130440440203,
1111001122000002222201001121120222200000440401202200002002004044412000222200222040040102220200020200044000122020022200000404441104220200022204404141144220222002003341444144022002024443311401311111222043344440411303221020434340044013031112110343040434313331021100434434343311132221044344303343301331124003003034311010301043303033443331003110430333004300310113334330303303331110100340000033303033331103,
1011200022200002222210102220020222201110100100202020020020101011100222002022210010010220202220002111011002011002022202210110021122202002111001010241221220021010000144431122111122204441411131112120112240411401330322233110040444014033003313130440040040303303133304040044403443011101040404000444033003114004044040333113333140040440403003011113404040004030330300034040444044033033300340440433333000030033,
1111000110011112222200101101011022211100000010010112201010000010110000201110122201110011112212222020401011044102211111004400110444111220221240001441113311220112044404013301302011020411144133111202222004044114131322200233404041444433323300234040441112223023222340400141023322232332044041444243332303024000442424322230330240440442243232330022404040024430332330034040444040303220033340004000003032200003,
1004441011222002222211114111012002211110044410122202221222000004114420200112120204400114202221011122040444414444212222124404000111224211021000004401021112110010004044144412221222200440401414131121121100440411413113221121040044104133132202210404404441313330220004400403013111030020040304433103010322204043334033031013020240444343003311133022434030330030330113334303330330033303011343303000033000333113,
1111000102222002222201001011102002210000100011012202220110221011010220201112120210110100202222122202100000111001112110001001101001100221222000110010031022000220001011033112002220024440011333411112020240044144443333121200404044111403113112220440404141303331130304000440443303133303040004404343111003034004400043430013313040004004034030011130400440044334333133304040004044040030111140440444004440033333,
1110001022200002222200102111200222200000001222121110020222000221202212122002020012211102312200000000110010113120022220221011010131022000202001100141312202220220010114413102002203330010111413111100222311144440113313322332104114141103313332220041411440313122230204414440443311132320040040043033033323224044040433443043033240400404443334403443404404003343044034034000044030444033343340444000330404444003,
1110000001011112222200110010111222211111040010110101201000224440110100121112220204001133111200211202004400133122022212000440441113200002002004004410310222202220400111013111002000204441010113312202220041144441434332202200114011414433232000201040141440342333322204401410044432002320040414111433332223024004014443444020033240344143433343033232403403033043433032234033030330443303302340003330004400000333,
1100010111122002222210001110222002200300110001002202220003330011100211200022200310100112102220023330101040122112033232301004441211012033222014414010102220300202104111013323330333324144144111322330030241114144012232223023414041401023320233231440411411332030222314144104110133320003141114144011003222234044041414133303333040404441141330400030404400041444044300034000440440004433300340004404403333430333,
1002201122101112222211122112011101203033100112022212222333030021120211211110300002201221102333330033020001101022002033030022001022020222030300204411222020200330442204421111233330004244224222122311033342224224213321313003244244240132333133132424424401330031331024220240410031131113242442224133331303334204044144114113343042044041414114403440424000441140144343404040040010444143433040404440100111344433,
1101104044222202222201010144111000211010014411141412222001110144104144211111001000104441112220001100001100410020022221220011441011022020011241441441102200002202414410410020222002204140111311110220020041044031313330022020144343313032322200201403443113232300222014033344132323303333040404044323343303004044040403043444003340040440434043333003400040404440400030304000400000044033033340004440444043330003,
1000440111011102222211114401221222200000004411102211020020000114421120222022202004411222111122032022041121110122002300024410222140111023222001444021441122232320014222104144443233004140211141032222322041044214013303332022404044040130302220320440404441343332003004000401141344303330040004410433334300034044044114000443003340411010044040430330404410111004430300004110110103443303000340110000033303303333,
1100000001111102222201001011100222200110110111010110002012110010100101122211122200100000012211222002001100111011202320201010221222122333022211012212202203003332100111211110202220300110010100222200203011044010110303332300141440113113323233030404040131443232330304400401434430222033040004404033430003004004404040343330330340004004403430033033400440400434440000034040044004433333003040444044004400003333,
1122202020220002222201000222322022233000112220233302233233220211200222333232223202011102332222020333021044120200003332320211141112230322322200104001022333022333010444001102222020331114011141333233332201014104313111232233141441443131322232031414144033133233322314141104431033443043144010144013043440404114141140144433344041144411041410403000404011441441104003304044401114114440003340400010040003333303,
1000010110110002222211441112221222200000411441020211020002224441101111222000200240041121220020222000244412202111200020202422211221020222022202444111012220022002024114441332022002204240111411132220220042044440143111112021404330414430222211114043040440332031330004403443043433313111043334433443113133134034433434333113113343004344040030031330430443044033033310104343343330333011311043433440330000113333,
1110222202211112222201020010201222210000012211102111211144402212100222120444040422112111112240040404000112224424440422241012211114240220202411121004144221220330033311144111211233000311310044112213022211143444013311232022040434434113332323300404433431312223232234043344313330322332344030403310303332024334434030100303222043040333031113002000403443040330033302204333044403303000302240303333300333003333,
1122220022200002222201101022000222200000010111202200002022201010102020222200200210100110221120002002101001011122111200200010110100221222022200100001033200200020440111103320220222024110001030333220202244144441113300202333004104140114333332231041411414410002232311414114401132220322144144414041030003304110110104414333303041101011144040444303404411404114440333034004044044113030303340044044044133300003,
1100100000011112222201011100111022210000010010001002211100200100011010211002022200100101002220222020001011011100200020000011000100020222002210100010111200202020110111001012002020224440114401223333220040044414413322232330404044114113302030330040014114123020303000400104343322333203044001443443222022034004410443433032203340040101133403230303400440114334032333004040044140443332222040404404440422233333,
1112200222244002222201020220004422200000010202022242240222000011122424244420202244411044242422240202040441404420244422201004411114224222020014411044414420023333140010400114220200301441104333122333330001144413431032202222014141444133322232301141411401003033233000401100413323322303044040144143232203034014441441433200313340114011141003333111400101000411011113334110111014411331311341100101114033033313,
1111000112211112222200010001121222201110020011102111211100102220221120120010001002022100110211011101200111441122211010012221044012111210101100200411021212220000444221444220012111110422022244211112222004244244223433011320424242444233431133004242442322344341300342422022303403443003044044223343443303334004424033433403300040404240443304003000404002440400303303304044424044333003003040000333330030330033,
1122020222200002222201202220100222200033011002001111020223034401111100222022230344044400111200000322004011101102000223204440144400102220232240144114001133202233041411014101332330324411010111212233033240144414442232230223044114410423323222330411411104332030332304104441434433322220040140104433004300024011141140330443442241010441404344334223410014430444304344334100100333343444330041001114444333400333,
1110000040111102222200110000410222200000100011104102000000001110110401200222020010010014412444202220001114114122242002440010444114444204442211011114410122420420100010444111202224240111011114442444404401044144433442242222014140434323332203201041441303322332333211401143342232232232144114434442302332234114404434333022330341440400322022332230414104443232223032304011140032230330303040010111303330033033,
1111000001144402222201001110112422200000100101101442244402201101000144244222202001010041402242111220000100410402202221100401444114440200212244401114414122012122040444144111421112123304041043441202221130304344043311102122343443404433013111200434344304313331022004343303340310301002044334303303101112224034443000331130101243330430030301333111403040300300331130104303443443330333000343334044044440003333,
1011100022000002222211001022020222201111012002202200211122200122201110220010121140111221002211011121400112210112101012224110011011211222212141101011212220002111044410012200211112200400111011111222102204044434033321020202004043440331111202000440430434433333222004030334343444423002040303434433224232224003304333433422342340303443443044233433433343304433344043034034430343434334430040043303334443440333,
1110200022233332222201122022023222233300122111221112111103001021201100112103300010212212202220330333120012112202022223032221112212112002322202001222112220203302002221444114202223020020214404411111231102044110403330321131024044044031133110312240404404313133133124400400041331113130040444040433033131104000040404403013331040044004403330100031400404040430011100314044040044433000103140000444043330011133,
1000011000222202222211101101114000201111010100014442222100001041111040211101110214440401042201000122102044411402212222120222040114440211211100202244411112311212444024242412223312224042242422211111333022244022423333031300424244424431113313114240222443131331110140402242243331133311044300442400301113034033404424434333030340304402343340033033400304423343433003004033303233434030033340030333224403300003,
1000444001101002222211140111010111200000010441001102222330000010410000200033033300140011112202220033001411401412202233004414114440203333233044141411112322202230114144122322002333221441114423233323030311414011223312322233040041011121123002230440414040112232200214144140444230320222141114440422303220024103411040233323003041434113443022230333414344434433323322304144300333434023220340043330004442223333,
1000000110101112222211101101101102200000010010102212221111000011011120211120201140110012212100222110441222211122111002224221111221210012211024422212220222122011224020211111020111012440202223001201010042244442423311101010424242244433341010114242242403444301130140402420434333101301044244244334431333004022420443033030003040040220343343303330400444223430443300004000040434440440333040444044330333330033,
1110000111000002222211011101000222200033400141001110200022234410401101220200202341110441010202220030041014012212202033304441144122233200300304044014111322022223404411101232233330234404144412233202220311114104213222333203014041042133023232301440411041332322233014144010410133023322141104044101133022204141044340113103000041400443043331133330414040033444341100034140444304334433300340110040333440030333,
1222020000220002222211102220022022210000122102020212201110002021002220211101011122011021112122200010200122310121202111000222113310221112211002112113111121122200000101013322230111114441100113112322220041144440113332320020414141144343323422200141101044322234230304401044043443343303040441404033344330334000414044404344030340044140403443300300404004000433343033304044044404430430000040400040044044033333,
1000222110220002222211221112122000200000010210021202222022220102102220200002000000100111112000222022001110022022000020024401011120200022002244000101220222022200404440441111321110220040411444133201122200041141113111122100040440444431332111010440440330331331301104040044303030303110040444043300301313334040430440333013111040433040030003131000434330400303331331134343004443303031133343303333343003331003,
1110220000222002222200110220202000211100114412022202222001001140111120200011001044044022112033310111044040221122303110131114424410211113330304411441411212222330404414044412233330034040011141102232220311144414143303230223104144141133222320031441114441132333232304141400142232223322041404441423322332334014411414223302220340141040144320303203404110401333203033224041004443222333022340440333344442223333,
1110000000222002222210100004102000204400000111141112222440400144104141211104024011144141002144422240014111411122114402421441001440244422242211434414244204002440043334142442240020224443441024223222002243343314423322302200343444414232333322203443330144331222300234041001011132323222340411011033303032304344411001311330303343033301010113013033433031113110103113004000303133133331030040000333033111100333,
1100044422200002222201100411120222200000001440144111121202004441441420222112220040411142220221010022040014442020122111224440011111222022210104041002221121111011004411124441021222210440104244112221112300044404233211211233044040442311131222300400400443033310020304300040131113133023040333441133311030234004434343113303322340404343433400300003404044344334033330304040033434443000033340403303303330333003,
1110411020111002222200144110222100200111401404411112222110024441144140211110110240101114442212221222011104014142244221000014440111444221112211040144441112022202144111011011220220224401001141221120300004044414311132223200004334043133300232000443340433123023222004344044343322223003043403334403033330334334434434033000033040030344343003033000403330404030330333004303033344330330000043300303044300033333,
1101101112200002222201101101120222200000101010102200200000221101001000220000220200010012220222000220110110120120002220201100101201220020200200110100212200003322001001112110222233020011014412333302030011044014130300333033144044401110300303301404000444013043030004040440401134440030040004404041334343334004040004410433443040044004404040033400404044004040440003334040000440044003300340444000000003330003,
1100000122000002222211100011120222200000000110012200200222110444111000220012001104014441112211120100004111014120221021114440144042111122200141114404021033331110044414044201111133134400110442200033131300044140243333111103040404442323110300130404404022313333011304400404023302001131040004044423322233314000040433222332031140040440332032333000400440043233322203304040440402203023223040440004442203332233,
1100000012100002222211011011121112200000100110102212221111020110000111211122200210111001002221200020114001010000202022201444011022020000020204004100220202222022004441002022200323334040001111033233323340044404313222232320404004041334311223204040040413433122032304400044134133113323040004001433113322334044040014430103322340400440413311003000404404044111331303334000400440143113000340044400044411333003,
1011211011011102222211012221101222201110110020022211120001200011110200222111122000000102011122010022110110102122101022001101001221021110022000110412100220222020010444141110023223330114001413222230020310114041223333032223140444011121303302321440040412130330333214004044221340034032040040440113433343024040440041434344433040440400444344003300400440040334333000004040004443340033000340444004034440003333,
1001102220011112222210110120011022210000100011122212211122201100144202110200112000110411112222022020401140010233002022004414441012332220020004414011122302022020400111000230333320224441401110222003220241101440123223300033141444041233323330301441000401322200033014114404012302000003040144044133330303334110404001010033300041100044410133103000404004004011311303334040044404141133000340444040044403303303,
1000111002223302222211010101022330233000101110211132222303301001222133233330330301102012112220003003101211121120022200031012410221020202022340144411124200002203444140104422333323300041101040212230333011141101411223222202141400114133230020020404401411430333022204404014034334443433040404440334433034434004400044343303334340044040403043404430400004404404404044304004004400440444003040044400000000000033,
1101100222000002222210110112000222200000100011020002000020021000101022002202022201110111202220222002010000102200020202200100010100022220202000100111222000022022441110002211112202004010011111312211122244044440403332331120004340044432233133110043040403433131131004434443434033110110040304344344434310004044333443033433110340043043034444031103400440433433030303334040044434303330300040444000343303003333,
