1010011101220220202210111000112202220202101000101100200322331100011100122033323300100100101202200320011110011121332003220044010012223022032011140122202130033020101441120011300302004441101201330330020040112221110440300220401000014000443000020444044014440003333200004044104044443000400041401114003343334404411104440330403344041444400003044400004011004033003303330440014400033303300344044040003000000003,
1001100000101112200211101110011122122202100000011022212000020104440102000122022001140001021110022120110404012211211112200010444011000222200041100040100220200220441044011002020022004010441001100222020204440010110020023332400040121222233322204404431221113003032311143313210133030323444111333303133033034400014000331103003300404140303131033300044404403341130300004040040433444330330040000044443303000333,
1011122002200000022210010202221111010220111220111120101110020401210001200101222244412111222111223300004110100102221220330114140111020203022301104400010023332003001004101002211322231104401112202131123001044022212212322030011004040112113320301001140440110103223214011404044330303322144004043303300330021440404030030003003210044044300033003330044000040333030003034404440403000330303340040000030000033003,
1100101200000011012211101012110110101122022110121011011221201122101212102200221011212012120220220211001122212220002020201101102100020000220010144111333200220200101433331132220002004011444301033000202041014004113300022020414041110303033320204144101030300032002004414410333033023002401144030403340230024010433334430443002243333400004433433300000444044400333443004440004400444443303340400000000033303303,
1120212220200111100210222122102010002002100112001221122202221010122011212112200001101122121222100230010222112211102022330144011202202221132204144102333020011320141140220003011213204110000444433122232044011111400331123233404440441110133302330040044410411132200040044100104310322333404401114443032330034404014403343322330304004404334430320300400040430340303330004004404330344440033340400444303333400303,
1101110102220200022201101011012202000200001000101100200020221100001001222020002001011100012002220022011001022200002022001001010011111203322010011011000022430202011001101144424300221110001001144240302000010100444124433200110111044222233422031010404224033234030310144222043322343003001404443432203433300110043334003303443010044004343440030000111404444333400330301004433334443303033044400000004033300033,
1100000001220000002201110111100220022020100010001012020220201011101101100220200210010101011200200002011011011002200222200100101003300202030001100110103002203033100011011130002032331114001010302020323010041111330022022203010404003302022040030144044000333334403301114404004044433300440411004440404003304404114410040333300004044011144430000300004040403334330003330040044443433003030044400000044400033033,
1111001011100220000200100011010012020022010111011220100200201100100222111022020014441001112022020233141401101122002022330111441020220020332010414112220020203020104014411111202332221004114400002020033011444411443022022033001111444033002233030144441113303202322201110433311033032303400143443144303323334404434431443030200040440334133344402333040030404444333003300403334400330033000344000440400030003333,
1011211222110111110211022110211210022002010122102021110020220101112202221002320200101211102122223220101122101001111333221001120041100002223011122104413022233233440200041103000332304122111140030030232241110014440303322332414411000403300230321404104443300302303010441044330003402300140144004444034223001411404033304342030044410044433444333000111044004003003030300444000403330000033044000004440033333033,
1110111001011011002200100001110101011020101010012222112202201101111004211022200210100001141222110002001111001411121122000144400114102122202041404110014221030220411411401144211320024010414411400223202240014014004042032020404141114404422032330444101040333443330300404004400300443000440044400030300403330004000333303033030004440404000033033003004044043330303003304400040400330030003344400044000000033303,
1010100002222002220210111011101020202202110001012111022000221011110122122022000001022202020200002222112211221122002000001010111011002222033014110001022200300330414114412002003330004144014111023300300041401104404422230033414001104422030333034104000042444330003010144004022240344333114144040200403443004441100403330443343311414440403004303433441440044403440334300411144033033330040044004400033000033333,
1100011111010022022211001020001012200200010011200011100220201000012220222022022011000100020022020220101110002222112000021001011110401122022000010004144102122000011010044111221102200101104414033013332011001100144033310322001144111433001132000444114404303310322004011440403300333202040104004440330220320044400333400302233200004003343330303302040400300404443322200404403304404332333344404030304004022223,
1101100111000112220201101101000110102202441000010111011200224101111012220022220041100101100022000022411010021100200200201441114222102202200214401044202200202022100440440202002002201144141022022023300204111411023000233000044014144430202003334404414411302202230000404111313232322303040410033302323300300444100300033030033040001330333000303030404441130303300330000400403303003033000344400444400033003333,
1112200000111220020200122111110102220222101012222002211120101001100002221210201001010111101122122212110100100110002111220110010100011022210210010111001110023233110100001102222032304401000110202000323040110101002202332230440011100202020330030044010033033223033004040003033433344430040440434404004400330440044040334403330040044344043443430300400443334443333444304000430433344003303044000444430440333033,
1101111010020020000211100101112200222202000100101020220000220111001002002000002001401110021202022002444100011102000220220041011001122020002244010101102002220200044101101023330002300141000012220300223011144404103303023233144111440100302223030104100411333002333011441441130030032220141101403343033330000444114404030000033000404410444300333033440444111403030003000411114400430330033044000440444003300033,
1011000110001001102210110010110011101220100101100000102212001000110001110112202010110000110000120222011000010002221120300010001101221122233011011101221011210322104120012111021122321141022202202222113204401111022404412033004044010044434122030004004444040031023004440400330040333033004044000300403003300000404443044003300004440000043333003033400443333343443303004440304404443433033040033344433334400033,
1001112221111101002211010121120222112002011222101220012220201001201211210120022010221112221110112022122122021012211222001201221111210220202000114044442132223220101044030421330330201101433340211330332310014300332001102232001114433000111020300404414403330000223044044104303033300330040011433030300330000040444004003000033000404000440300000330440404440333033300304044400400000000330040040004000333330333,
1000012001002011202210011122110020102202102221211000221100221101121001111122120000101211102222120220011122212211121220200010111202200121120011010012020111221200110144101021202212201011400111122000020004100444003202222000044404343332000003330400433303033003303340404440403300330000004000044430330033300040000330000333000044044003433330000300004404434430033303004404004434003030300044003333040330303333,
1222111022002011002211121001020022212202010210111020201210220011222101220212220000101102012022100020001010022200200102224410110112002111100244010011201112222111400101002331203321200441011123313322022004010001211332223202004101101110303033220440101143330333030244001101430300300002004001333440300333300444413340403330030040111440044300300030400140444033000333004044430003300003003344040333300333300003,
1001101111100000020210010100000222000222111011102202102220000001010202021122000000110002022012102220001000220001021202000012202000011220020011002202202101022020410111020221333302204110100201122240302040001012110111430023400001101041014330334111101101400040330014401004113444030030144404441134034303301100433433340343030040444343444033400300040033433344003300334440004344333300303340000440400030033303,
1100000000020200022211100111100202220020000100001010200202000111001101102200222010101110110220220200110100440011102000201001011400100120002210111004401222020202010001100442203332001110001440440202320001000110440002223220100444004004403303331114114404440330300044141440033330003330114134044440030000300141130300043330300341401333444434033003041440443333444430034411434034443300300344104333040430330003,
1101014400011222000201011144110121100022011004111001212220201001140001102323332310011400110123322230101010401012112020301011004441121122003310100100401202202303010111040012200003300100010044010233030301011004400102233033011011040401112230301000122244222210230310422024244200112303104424242020033123001040444002200330230000400004424440302300440404040440030330304004044040333303033344044040444400330003,
1110000001110020000201101111001010200020100122210000122000200011120010111002202000001020110001220220111102210112112030000100122100021212233310011002222002120300144141111102221223201141440440100033322000044044011130330233444000111013331132334004440144013101332040040401004111031322040000444433003313000440004003033030103304000004430303031030004404440400030330330004400044400303030044404000040033003333,
1001101000020000002211100010010202000020001011101102022202200001000110220200200011010113320020022000010101133202222002200101103112200100202200100130132111002020001011311310310220021011011331103033022010100431311033030020110440433003032302200104044003333023200210443433300003322202140334300444033304321444330040433000343341404000440433033430411044440004404443004410000044404004430040444440404004400333,
1110011112222020002211001012211102000222001112212201020220100010022111222020221000010441022000200212111140441102012011220004441401121122110004400010012212112000044110111010121222204114110001110231111100440441101311030033440400401103101303030404000441031133030004004440033100030300400340003431133033004403433034313030000004333433444330330333040444040034330033004000404400344003003344440040333440333033,
1110010110022122202210011100010121120022100100110101120022000100101011101222020001100010022221111220110110101011122021110441110111012200222144000010122212032332404011112102132303020041444011021320330200411404122003200033004011041222302200330040444220433303330300040004444300003000440444033000333030004400043303303000033000444030330300300030044004404003003333000000440443033300003044440043333000300333,
1101022002000022022210011202220022202002110011011202000220200011001010221110220000110010122112220020000100110012010112231110001011123112202300100000001333122023101000100003003302031101111011013303022310444401101113030230440040401401033220330401141144433002203004011414004303002303004441444003030033030004141004030333030000041411143030000300444014001443300000334004140440430333003340440004440303030003,
1100111012220000022201110101120200020002144410101000222020020400141010202200222004111441022200202002104441112020202202021404012220102202020214111012111202333220140101112222023232021441010330033302200201144011333222203320011400131103333030201014001314430003322311004013443444022333011040030433442230034444040040033023303000404440433044443000040404044004033030304400000404440333033340444000000400000003,
1110001010010100222200110014110111220020000011140112221202001111044110200212002000104414112220120022010114141000201020220144421401101010220011104211010111220220040042001100122030000444241100122113310304002411122211331133404424042100331133004044240421113311033044002404234434403000404442242434404033000042244203334044300304020402244433303003040440424403300300300400404433300003303044044004300000330333,
1000111000112333202211001010101223222002110101011100232000020010110001033202222000100101101132200002011101210110332200220000102101022233330001111002222302000033100001110233320000301000110020232333222311100012223022220233004400102333444402300004041332224033232044400413033403322322440444133444030203020040113043333000030244410144044344400344114101144044343334430114444140033344334344400411144003044433,
1100100111133330333211101110201022233002000122102222333222201001212201002223320010010122111200223300100101110122211120331001002022112102203001001222022110020230010110040020123020300110104403322230230010101041130043222330010100413344433300330101110411333430330011101444113344003403000041414444043344331044411140004034000311411440044044343003141144044040434300304400404404404343303044000000400333430333,
1000000000111020022210011110110212022010111000100112220221110001000110101111121000013300133100200200110113311031002002201110130033111200002004440133313332200200440111000320302002200040100333222202020044400100030000022020004001443033302000224404411430030222032040440144322220203020404014113033333230004004140103022202033000041041130220220030004414400333003330334004011444403300030044404441110433303333,
1001101111000002220211001100101101020022011222220210111200220001110122110100020011100101112002111220110001010022212100220011101001112120120001100011102101221200100100001020012122001011100000202211002010100111112202231222000122244033203321101111002240332003211300004444222233302333400040024430300303000440002224430303303004440024404303003033400044400433300030004004400404400333033340000444004000330303,
1000001111022202022211102220010110223002100110201001120032200111002111102200323320001112033322033223211122102032302223302110221222023002323320001120002203323222022221220120332333201011211211003222200011011221143323003330010100100430220030001010411104300220303011104414400333330033444111414044441133030410444144001130330340440401101014330300040400400111043430334404044440444034300344000000044004443033,
1111100001301333022200000111013013100200010001101131131220200110000013133010102011000011031331101020001111013311102111224000140110330312221144014410011133202212041114110101322211220044400110303023020204400440413303332202000404004140000302004444040041402200302200000044042220223320000004404440302232324444040340003333223200004043303300002032000440003030322200324440033303303323030240400303000033203333,
1110111101101002200200110000101211202022110011001221012233200110100011210020223300101100102111202203100000110112220202331111011000102122232044401010001101200320404010011000121033200401110112111202232304000001020222333203041111102223033002034000044404443000420344404400004033034030000400000404430343330004400044430033400344040400430333443330400400040330034344030440444400330443443344400000444443330033,
1011444001110111002211010141100100012020010011410410010120220141141144101110220010144400411101020200101014011402202200201010410104223000022210144101142032220200441040104102230020001401411041020300222214011414410203020330141104140110232223030144044110220300022311144331113300330203004043330330333022030444344034000003333000433404440300000300043304404043333030334404400400444003330344000004400040000303,
1111000110111000110210000010010101110102010010101110010121021100101001011000200210111010000110222020100000100001221111200110110111101122002010110110013331202022144101033313122022001040103311132000202244111040301220332022401404443402203002004404433343200233020000443044432203203200440033400333032232004440030444003302320000044440000302203022004004003303302230200040403303303323032044404003030222003333,
1000011101111020200211100100102201222022001000111200011002000101110012222011322211001101211002233302011000112100020232201004010121100202232210140141200110202330101401441110111020301104414040102222330344410104401012303003114110440401113300030114440004131030303304434333044333033300440343030434443003000403344400340433000000443033330333433000440403430030304003334400440000303033300340444044443000330003,
1110000100101012022201000001001110120200010010011100011202001011101000110002202010100111001011110222100000101101012220201444410011010212200214010400100122110220004114110011012100000440114111001122202004000300401101200220004443444112221112020004003400100103302200400443333031330220044440400300330033304000040030330030003340400400330300330000404044403003000330304044000444303000033040004440443330333033,
1101111000100002220211001000111022200002010001110010012200220010010100012110220011101000022121211200100111001121122112000110101110020022020000010440012222002000011104111101000222331010440400110020003310011144011022233030104144044001200203031441404004433330330014404044003444033000410433044034040003301144343330333044443314140400330003333300441044030033300000334014040330030033330340144033000000003003,
1102111100220200222211021200102200220000100122211120222111110111011212011112200010010002220010020222111011100011002202000100101000101200020210010001011002002022110110010001020022301040110111010220023301410000041100330330114111444014444030001040440404040004300000400033044000443003440444433440040303300440333443333403303004330330444044030030400344033333000300304443403000003330330040044330000030300333,
1110000110011002022200110010101101120200010011101102211202001100010000020200244411010010011012022420001110101100120224200001001010111220422211001011010220444330101111000123224333031144401401332422200304041114412234442003140144104103340203301411440043034322332014414044333443023222411414434440330323204014140343340033233340144333043443032030010400044433400320004440400040003330333340400440003303300003,
1100111011221110200201011001102210212022011000000111222102200001111001413021203300101401104032022330001044441142322023001110001141442323322004011011441023030320044410104110233003331114010414112022030001411104144012200030004441444022002303301111141111202232303300044414422023323300044040440444223223000440040333330003322000000440000033030222000440400000303300334440004000003000330044000404444430000333,
1110011000100010110201011101221101101022010000011210110110221010221121010012220010120220211120020000141211202000222022201412110200220202442204121012220220024230422121110210444402334221221011114112223341112001044411233322400211114431331113020402222430313313302204440444033301313330004004003444313110030404400330433130000304040444443303300303000440003340300333304440044003443300000340040440033403000003,
1110101002220200022200101110112020220200001000011001202020001101110101110220202010001010010011122022100010111001001020021444010101111022022040110100003302202220411011022203332303001444101202022233303010044110002000223233144101122220002322300411104101133033232311404411100033132323114004410033011303230044004011111001302300404404440003003323440004040000033302304404044000004403223040444004444404422033,
1100010010020000002201110110100220022022000011001110220202000000001100020022020001100001102201111220101011101320102221114011013330211102121041000103030212021220411144100301022012201440411003012011211211404410030120122022114403100311232022020010433111332320002041144031413033003020414044344033003330204040334404443303033340003430044003300330400444303003303000030440043030330003300344040003330000000333,
1110001111100110220201101100000011222002100110110011001002201110101011122210020010014410202112100020001114120220121022201101042242201122020010104224440220020020101144333400202202220013034033442203200010133343044003032220110114434004030320000110143334444330022210011044433334443330144444040440300344341110011400400333043400011441344303003443000144433033000033004444111300330000303340333330330033330003,
1000010022220020020211110111010022200022444010101101002002024041122110110002021204011222001011120210441001102212221022114011441020210212112004144112202111220122041410010022210010200440440111000001110200040401001111101012000404401130300331120004403333113000312044404000301133030022400404030333003332024004040330334003220204040003000443300223440440444043403330030000040404433300033044444004004403000033,
1000200000220200222211002220202002220020010021022002200020000101112202202221102010101200222011122220101222001102102113021012000101222121030210102211311321200333001002013331110330000001220130030010300000011114110331113033111044441113303311301014011133010330113304044413313110033300040400130133113300330400444441303310303300440000141131113040404400000441141034404040044440404044334044044040000440044433,
1100011101011110200201100010011020022202141000100122202020021401110001200222022014110010101110102202140400111011211200021044014401220222200004000104412210000220444111004121102002200040004401101122200244044044040120200222404400004111223330114400440041022111031100004440431112201130444000044331323303304000444001133323303040004004113111230030044400040331022030034004404403301232320340000004000333322233,
1011101111120000000211010140020020022002010021422202222022200100211400201002000200102144222111020002331112224210101200020331312244100112200213133111041022200330111313010411202330330440133311444002220311441113111433320030141333313343003200301411011134333030223004411001044403022033111444401433032003004441104040330322033340411004444030030300041401400030303330304414114403003303003044041440333303000033,
1101000110220002202211010110110202202202010100101022111001020010011002001001110201111002022210010020100001022021222022201100011011110022000010001011004402002002004414441143322022200440141114043220200200401404413430320302040010411134433203020444044001340302203040040400103003023330440040111403303323034404410004030003203300441444040300332300040110004403030020000414444403300333203044100033303303003333,
1110011144440000101210101001140111101122000111444100100112120110104401110000021101044411410011111210110404114010220002200011000140100202200011014444111000220222100141112022000203020101043022002020230241100433022000222300441104003002220032200144040003300203302201044044003300303200011000404003003022201000304044003300020214043334404030333322440434403444330030324044433033334430033243333433000044333033,
1110202020022202222212012220222020200000122201020200002220002112111201010200022021112012211102110020100421021202220122001114211012201001202210442101102211012122441401010000011021320411104011111002013041041443334001111330411404404431133331304014400443303000310304404000044333101133044330333430311103314334303004330310101143343303343043011130434440403344433300304033044434003400330040033040444004000333,
1011211022211002222211012211202122200030010122021112002003300102002222122200003010121010001200222230101110101100200333221004001011002003030211040100101122003002001411110101120230020111444011001023302000101404011000230222440100441000332033324041110410033233002341444104103022323223014114401333232230231114404013003300323300043443344330003222044033344344003303320404304440033303003044004433333030030033,
1111010102022202000201001110022022320002001101021200333202220001002212022032200010010221102202230222100100122200020300201110101120222033020000011011211120300220111011020013330022004411001122130303303340000110110130030330044441001401303303030040000110413300003344001114044130333300044010140041030003030040040144141300003000044411411413303330004041414104100303034440114400041443444340110044011144044333,
1111222200100221122201001110221011122122001012120211022201000111222111222000210000144433102102222120010110431331200002204411444130112000220041440041331020000020110441113101111100223140333311100022110234441111301003321120330414400333033221223040433303004300122003443003303040331100030434400333400301103334304334434003300144433040334433300111004040400004300331004404440444403033130344400000433300311333,
1000011020002220002211101010220220000222100110110020002220000110100012221112022211001000121122120200101000111001122112300111010001122112333000101100301301122230010411333113302303220114431303310223302211403310133020203300444043101103333300300004411000111110033000040001110444330030040040444113343000304404440044330433030004040004034440003300404000043330033030330044400443033030300344004004044444330003,
1100100022000111122211011000211112220120101101112120020211200100100112202011221101011122202022121220111001223332211210200000101111031002100001011101033300022022010010001130222002020111003311033302222010001010333003303302110011103343444303320144440404443443003244104044404330332002041000400334402232020410000443304043322014100440400044003020101444040404003030201141110404040033033344401444000400300303,
1010010101211110002210100111011220012022101110001100221120201000011100102101220010000110111211100202011110201002010220220144422220022202020200140444022000200200401411110020032202300411410010233302023304014410110223111203004010444110013220030440111040011132233004044441144441303330004004041433331300000043334440300113303344434433400301303300000343303303133300330404404430331300003044400444030000000033,
1011010001101222022210110110010211220200110001000112221102000101101110012112203300110012201112212030001010121101221323001101110022221113233341004101112002033003411400122202200303304044041120000222003040404411022202000330400044001002211111030444004311001203033340400443101112330003404000431000123033304000004033310000300000044404403111103000444004400300333300004004000403330000333340044404403033030003,
1001100111220020022210110222212020202200101002111220220200221100102210002002022040111202122202022000401221110220220202224002201010020220202014444410100211102120411111401102210021021004404010111010211214404403301010110012140400443033011011014104004403303300110141440400440300300133410004003403033313304100440334033131103004400403040311133303004440430030310330004400004033303330030344404440000000300333,
1010222020022202202211102002222000220022000120100002002022021011021110022244202010122210211100402022101021222102244020020101110121024202022001441011102242200002011441410111420220220141414401141111230000410401104410322303014104014043303300331041441144030300330311414004403343330300011404433304443003001004044344404343030311044004040003033033010404440000030330304440400333330300030044004000000030003333,
1000110001011100000211011000111001020222110101001000210202000010011101112020202241100001001221102202410001101012110022004100001010012202000040111010110120220002401010101011223220020401010004401133022204111444043311302000040404304433303020004044403300400320200040043303344003202020404033440333032202204040444000303303320204443303303000303022403344330300033302234434044003330000333040340404000303330033,
1101101111000002000201011001001111102202010001101102200120220101110112022011202010100000122020012112101100110122122211221001101011012300221101100110110123322022010004412211223020220114400130202303300010040111322200300333144014443020233000031400104030022303333014011140033323003000404440044030303303004400004440343003033004000400044033303300040004040440400300304000440440044433303344440400400004000033,
1110011100122111112210101001222112022202000111310111222020220110013010002032020011101333111100332202000111103330223020220110000133032230200001010111000323220220110110010003302302020010110033303023023241114011303003300232401044414003303030324004041440334003332004004014113444320322440044411442403222324404004040422232333000440404404032332203440044004334332232234000404000343022332344004044443344440303,
1111001222202000022210001011021222002000010011011011002223330111010000122002322210010100010202203202101010101102020003331011100011233322220301000111002032333323114440013322022220300110040130323033023004414433122330332233004114431103003023230414400313303313332200140443103033110322110404413133010130001104004131110100333044404401310011000300004400413003030030300400004130033303303044404440111100330033,
1000110111000002202211100010010000022020100111100102222002230000000110200012200301111101022020102223104444110002211230331404110010121222030014101101101110202300141101201122223300300410002220000230033040100021022220030030440110111002002333004044110133332220303304040100442233320330144110144000330220031141101040040033220344144110044400033303414441444004003000304110041114404033303040144404440004403033,
1100000011000022202201110100100222002020100011001020022000201010110010222002202010110011000233322202101001122223232333201000001012032322322000101101110320330023111101021000203030030040110202220222331302240011211200103113442440012212001131034022440112011101133004442222210103300300400004444101003033004440404011100331113000404004000110133330040440041031133100030440000410333111033044044004011113333033,
1000012220020022102211110102022202011120404411102020222210224411440111010111220041110441001112220220044440412022101110204011001022022112220041101110010112211200444010011110122100220004001443331021102000044110403131330220044011404003311320004401044403030032220300411040333033302003444104040344403003334110440444330003300004440400403303303000044004333300000030304000304030000333033044443333030000330033,
1000110102001102002211110001122201202220000010001200112211000001111010222211212200100001012000112210111000010002010022114010011100222111002141001000111114100222411011010000440202004110101112244222203314000101220224300303140001102112444333001044441101422403000314000400114443303333444000444033433444400040000000333443043304044004440443433300040404404044033030004404044004333033033340000433330030000303,
1110220001222011212200122000011121211220001211111001212221101001222022221112022211010122111202002033101101101221122020300101001122211202220301101100001202033003110011012212202003330010131112120220300040113331022120033303440101131111200300304001001333322330333004440114422330334444043040440033344434300333440433000344333000343433344033334003000433440044000040034044433444040040400344000003330044044003,
1110111020100000000211001022201022200222001001112111211112100010100112201202211100101100022212201210101101100000202112001100100111110200122001011112222022020020101040010002202222001114401102203300002300010441120303330023000111422044000033230440014224343330300340111040443440303003401044044333003003304410044000003003303041444034440333033303041404330400303000334411043033444330000344044400003334330003,
1110000110111112020201011110110000020222010102222101221221110010021012111221122000122011122210012200011022200211001202020012110220010112002201021102022110122200410210221100222111204111011122220220313340001100003000023033401104404030002233004011011440333002300004441100430003300330404044440033303330300040033400303000030300043343330004443303004434433033333430304404034400004443433344043330444403334403,
1100001110011100000201011100112221202022010011010212212220204101001112111210020040111101022212102222400400122011221200000404011200202012233004041102111202102230440440101212022103301140011102023331300010444102002203013333011140122200030311100104111200233033313310044010422333030303140401004022003003001440444404000333033010400040440330030300440444004403030000300400040400430330003344000404433003000303,
1000000011002022220210011111011022000022111000401010220222030001144110221020200300010041022111200003000144010112102200230001044011020020222311101400010022002032014410411222022200320140114012042000033210041041104422000322111441400042233332004014411444203000022241410441424033300233414114114244000330304141144132404440330041044113334033400300144414444033043330304000141114033430030040001100333444303333,
1100110000022022202201110101111021110222100011001002211020001101001001111201222010011011100012012000011011010111002202220101001044100220220011000014401202000022001011140022202000200114444144020220202301040111444000230203004040041103302322034440434413033230022304004330333032332330004040300003023220330000400300030230203004440333000333033303404004430330003300004004400033000300300044004440300033003333,
1110011000011110122210010110111000011220100100011221202220000011101021212211122201000112212120121232110011020112112201301001001441020221113001110014101220002230001004104010233302301104441044123220020311400013411232020203104443343333002220230110430444303003200301440004004433033330114044403330433000030044004330033444033304000040044033440300040004004400340030330400444404030400303344000000003334033003,
1101110111112000022201100010200022022002001011112000020200021101000022002022000001011100120220002222101010111022002200201114012212002322230000040121222000330300404401210121110330304414112011120103033340112211012220103000044121114403021133300441244414430201301301144224140330331133010442111043033011001104002223444300333304404420234004330003404402444330443300304004024334033344403340000243330004400003,
1110001110102220222210100110001022020002000110012111002220000011101112002210020001000100120020101220010001120222021122000104412200002222111211040120222211012102440400101110201120220404011100002110220004411010111114330200111410040044430033331044114400044333000014414040444003000300400144300403303330304401043330430000033011010400304300000300011440040343000330300044044403303300303344040000330003033033,
1010110011100002022210110110001022202002110110010010110220020100001111011102020000111100200022210200100001002200221112001110101120221001220010011101202010021020011441220021122212220131441111133121203011333344303331112233001444340344030033230114033403034333032304140003330343003320444044044443400300200404044034034303002040440040304433303000000400303444344030334440443303334400330340400403303004003003,
1222221201010011222211101122211101221111010110021200112022200001011112001202002211001002212222322033101110220100333233031014404411010032320201040440101113233220014411110101032223220111410441101302330010004414011013200330144401144300132000031000444003033022202013333440330033030222130443040030030323300040433443333032230044404030440003322330004040033344430332034404044440334303323344000000003334400223,
1010000111101110222211100110001011220002000111011101002202200010000120111200020200111000222102200202101001111120020020001101100404422022200001101140040220020000100010444042000022021444434004402202202211333433304020330220103434401332033033020114404413000303332201443333131130300020110144413113303000200011404133313033320044441114300032220203400010444433233322030444103000302003323044004433332220000333,
1110001100220020000200110111200220020002110010202020202220020100102002220202022001101022230022300200100012303300233232001000122330303222320000010111443330233000111140140440433222220004441401044433133311141104111143113000044114414400330130304400144144103301303040440111411000103030004110041133311130330401141433131310030004404114441113033330040044411140033000030044011414444030033344401104011114444403,
1101110000000222200211010011011111020220010010311022202002221011103310111220200010100103311220202000100101111301220220000111100333010002022244003331311120200200040033111334222000200044444144433302002004011014403030220020440101101113022000204401101101033133332000400133310131032202044044011331133002024400004113133030333300440044411130330000440400041403300000004004044114000300330044004401040003330333,
1101011202202220020201101012202002202202010111020121110220021010101111212220022010100100221220002002101101100210022020220001011022102200220010101222101202332022111012111010113330020001121000011222230211101001033133033220100101110030033433221411000103344434300044144440114340444330400004004443003300334044400403330030330004000440040433003033040044004404430030000404004400440300300044040044333330000333,
1000000101111101011211100111100000111212100110220112220122200110112022112020200011101221120120220200000101110200002322000001004011222203202011010044014400233220101144044110422032231000141110444333203344411410104334302003114414014433002020030411401140030222033044114014144433200330414040041334030203031444044410303302303314004000103300323300111440333300003223304440430003033033320344033444400033000333,
1101101102200000002201100021020202220220001012212202022020201101112100022002200010012210111101020200011022100100112002000112111222110120022010122220202102200200010111002021120020220101031111122121200241101332332201112033401010323323303333030401113222330004000304044443300300044003044030034300333343304004333403444304330044040004403334443000404440044003004303300400044004444433003044440040000000303033,
1100111220202213320211010122122202113202010101001100221232020011000101101120322001010001000101222302011001110001002333221141000011011032223344411110102013320330401000011222030203220410111401212220223004141044411102232233441404141000230330334014040114022330030004004401440023033300440411104400203430330040444400444434430000440000004000340330000404044004334330300040444044043343003044440040040444033003,
1000111110001020002210110000211110220002110110102220011200020100122121022100202000100221112211202220001011122202002203020111011010202022030210001001112022030322100011101011120332021101014440100200033310111014121020330330044441141202233030030041144112002030300304042242022002003303000424222302220030030444044243020330033000004040443330333030004440004403030000300040044400444303303044000004400403303303,
1110111022200000002210100100000200202220000100111102022200020101100010202000022211101011012202022020010410000111022022021440011110100221002210440100000100010220100400110331011120021000400103111000200210444001133003322022010043303400333033021144011334330003303311441144344330000030001410040340300030300141444034330030303041411143343033303003414040404334440300334404440440000403000340040004044443330003,
1001110102022200022211100011222120000200010110102111022002000000101001002022200000001001100020000220001010011102220002001111011000200022020344001011012122020033404411410111220220230411440010220030322344110440102203303030414442411121223300334104042222111220330301140404012133330301044044040123101103014044000441231031131040004404013311133111404404400134444313334004040444403330300340440004000030033303,
1111000000111100002200101110101000220022110010011100002022000144144441011001200011044111001101112111001114011010212212210101140222212202112001004441111220221020111400102221320330204404441120113113320044433221202213320200000433220222132223330044343333441330330004404403443331130033000400443433011330030004004034403303033000440040300330000303440400400330003003034000040444330030030344004440034300333003,
1110002111110000222201001112000022020211010100122000202211000011001201102022122201122201221121112111440120222122121020220411200111201200220240101101022113330000401041441002222233304001410411013333203040114104101110222300400114401031333233300440411103303300030000440141030300033033400404401103033033034440404011330330303000404000103000000030000443333300003333034440400440333303003340400444030003000003,
1112200020002220020201100222200000202002100111100222220220221001000111100002000201001040010000020220010011411011111022200111014411330033000210000141433030300002100010114434443300321001100114433340303010110040011134003030044011400101040030304404414400404440303000104110404433300300001114044040033033000010044044044003303004410440000043300030004440004404403000034400000000403303330344000004444003300033,
1110022202211111000200110012201220020220000011101112110202200111001012012212202001010001022122110200000000111021142102331110001001020422020310011101022224202243100114112000424304430010040120004243343001104441222042444330114400144000420200300041111004440022003000400001111442203300000440444441113033034440440000044033030304000400044040300030000440004400440330304440400404040033003344000000004444303003,
1100000011112200022211010011022202200202010101101111000220200011010010002002200010010011011122002002111011101021020202220010044412210202333211411014002210223230014101141110223202230141141141012233200344004404410110332203044040411443330002230040434114443033203044040344011111302333404443004044443032234000043344000030302040440003343333033020040043344300303003200404433443030330033044404403330300030033,
1110000010002220022201011101100200000202014441010202222020000011410122201002202211014010200111020002100104110110120200201101044110100020022044401004441101220200401111044140111220220430044003401001120004304400334222211222443334330343111212004004434443030122211104040003303312110201040440033001120112220443043003303220313204333433303030033130004043443030300303330440433404300330000044044404400333033333,
1122200200220000222211200222020022220020102000102200111002020111011120222210220000101012000102102000001010020111000120201100110201401111022210100100104022222333110110111140033332200011044440040030022010101111144443033203110100044130333033031001144041303000030300114400443300440033110040040003444033001444100400340000300010411334003044403003011443344333404303031100044334440333033044444044340003000303,
