1101111220000222220210144422022220000002121110424000202002221222122442220222200021112124022040000200220120224044400222330221210444042220023321121110403220023322001214410433002223200110004104303333302210044411144044000300110414000404443003301011104040330330330314404441430303030030414400414303303303304104111040000330030011014110433330000300101144440003033300000444111033300330333344004444303000000003,
1000000111100202022211110000100102020002000011010111020022020110101110010220232011011001022211022320101001100202112030220014110044442223332001140100433332322233010410111442233332231014101101422002030211141444414423220302044010041433322333024400101014443032003240444114143303320332040041444130332220334440404003302233330004040404300220322220000444003330022330330440004434033323332344404440444003322233,
1002022211200222002211120202012000202220102220112122200200320110111022110202223201112201201122003232122211112102202333021040222211133222320210402101201330232220144401112221133323331000442244110222322301101442401330223223441014044133033423304411414011103344303040400440414443433033044044044413443344440040004000113344333000404044441443434300000444033314334343034440403304434433403340400000333344030033,
1001111010020022202211100201011202200220100112111012211102000110121001121001202211101122222111012022400140100010102220000401401100100111020004110401101220011222040144100112022221120440441332022000212000040033002002011222440430030222021121124044333033202220221340434030300033332213040444030333003230230440040330303022302300440044303030333223040004043403030223300404444004033303303344400004440000033303,
1001101330333321122210010111031100221202110141003310220221100100401131122211121140104411132111212201441111443321012120104140040443223010211101404443302333100210014004003330301102220140400302022210120041414443322002022022441140033233020200024041044023322022020240401044223022302202104110043323333402201441444003304443333011144004343403344300004114044404430340334441144000443303043041100443333300333433,
1110000101111200200201000101100010222002010011101022220023320010010210021111332244111022211122232200044101120221322332200414401012013332202011114011022302232202440044001102220320024044004410203330022240444040112223002030000000413211232223334440004132113003323040000401333133003203400444410113300032030440110101310330320300440110333111330203440400103010000300034040333303130330333044044430033303330033,
1100013330020200020214111011133222002022104411013111102220221440444133130320020041114104113332330200411011043131020332224441411433112230203301114404302123322223010011403222132000331004014443201320330010041100433332223300111424443000233323002224242433302003203300240222444420032330044202042040200023030442244422002330303300402204242203033303040444424402330030300440004240420033003044044402404200330333,
1101111001002220002201122201110022022202014111222100032233321041102112222233200210440111033333202220114043033222003333231411133132032222023344144111320330202223041401222330320330204044121233112224330241111212313112443022400044144133334343334000041414404433430340400414140444344000044404011443003403330040004441133340403000044400401103404430044040004141303333034400404404443003003340000044040033300033,
1011010110111101002210010110110100111002101100001220222200221000101102223200220010011101200300222020011013012333020002224110030103222200002044103300320330220002414103113220322020020401113330233202022244000144033440222000411444144333433020004011141334443432022214444111332334320023141114444423203223231140100003232223330304441440433233200303040144004442233220304041400402424432233344410444422444033003,
1100010122222000100241110101110102201222440011100010221112100411000111102122211140110200002111202010410122202022121102014112121222020221021141421110020202211222414224411111211333031441403342002113000311414403420220232330411404434020202233034404033440200200300340444030032002220303040303303322020333034440304430033330030000433340433403030033440434433304300333034044433440443300030344043334440330333003,
1101111100002200222241100000111002220200401011011021111020024101011022210022202241110001112333320202144010011332222332201004111033233323302211144101122322020233404412210224320222304411421120403233302304414122234433223223111041200334324032330104414222334342203004111444420443422300440141111243434033004401404124443340033000444042224044333043440004402423443034430400040444233344433044000000042003400333,
1001101011022002222210110001010202200000110100110112022000001010011220002021111100111021202221120222001002212202011220201101112140111002002010110411441201120002110040441412222022020014440411200302202201114222112333020320001014402223202033324444143333302220322304001440440330332333004010044403033322034044404000032222333040040440004300330030440044044440333030300044000003330000030044404444430300003333,
1111000011012022220201000110122122000002001110101121202222020112221102212033020210021122201202232002111121121102422322204444410111224330020011101444402443002022100010330440330222021001110330430220202001100014344322330022114444144333230300221000041144023033220301111144122233223323440004441213300223230440411141110333032304044030433330304303004043334443003040304440403033344404443340000443304334400033,
1100111100000222102201100001020112121222401011102221011121104401021102110210221104011122112212220200040122022120211202004012210211212110302240100131221122013220411031312233202132004313313111030021302243313134443302223202041113133340333322024444131344430342330211014413433344423320141144103404004203201411404334443334043304440443400330444330000044044330030434304444004044300333444340004440003303443333,
1010001202100000002211011012221222220020101100101121111002201001011011222000200201001441442002222022110114411144200000320001000441422022203211014440441022002230011014401112002203220010100444121222322011001000042111003202114013333422101134330143134443433341343310433440334344413430114343330343433443000140440343443033433310044044403330044003114004334003033303301440444433303003303344040000303033000003,
1011010022122210000211010111121002112222110110002110021211000000011021011122112210000011202221210200011110012020212122200010011002011201211001040011024412221220014440102241100213201110400442440120132040040444042221221333044403004402112231104004030440020330331343400343322303030303434433444322330303034343443043324443303043434033344423030330043340340334333033004400400403334430000044000444000440033333,
1110002221011111333200110112111003332222010010112102223233331122100120022322220011221110222103300020420122021112203002204211102221002003320042100110212022330200420101411222003230224211014421212302333204010104411123323022444144433444223202304014433440403030223004111304304033022033044013443404330000300401443334440033330014110404433333444303114104343000043340300140143330444043033344401144440440433003,
1100001100120022202201000110111222000022010100102221202220200101110202111200220210100122020122200002001410121112020202020114111011234442020210104441222333422002100111412012034202201001041110124433332010010444011240444320100011404102443334200444440440042232020340303044044432322203443330333430332333234344433443303320322304043004440322203203443430400333300323304333444400040333223340303333444400300223,
1122444222202200222211442220020220002000141120202002022201110441110222002112212240040012002221011222401444111021021221104011140100110111221140144110100122123020414140101101212232220441411001102103302004414004004111030302400104044400001033324001440403333013030244403440431110131132000443344033011310324440434343300001133040044343403033333030044034403303000003004403343303033000030040330330330330000333,
1000044402222211222211100114100111212110100111411000012212100010044110000121121141114010011110210222441040110022121020004144411011200212220001100404012202211203101104441100202113331444411100222302203014200444220023322300122244002030023233301004220220302223030301444220043302023003440424440403202233342442244044043333223424223333340340344443224322044333444333030443220434434303300344033344334433300033,
1011101112001100200211010010120012202022010011000222120220220101110220012202020000100002001110232200111000120121022332001001111201221122320001102221112112112333110111100002221122030144412222200233122314041444030223313332141114303330231130321440143343022033130240414340443002031332401143440433222323034110044043300203223344044333300333223230004040444400323330300440440403303030030044000000033303003333,
1144411220020000002211011412022202202220101144022112102200110101422011211120220101442211202222102221014020012200111211121141021121001222201244111122112221110012412222421211201001020440444212202010110204433040011111011020434334344003303303224334430044030003033243434334040300033033404344344043003003004044030340403333033300404333433304000030040044443443340333034443330034044430303340030033344003303033,
1000111010112202022211110000100120222020000011001110200200200101011100202000220200110222220200222332001101011122220330221100110122000023033010000112220220230303114440210010202223030440022100102213031340202241001101133013442244410010113111034220224101000033103040044420111333031330044004233103111103304042242303130030300340442233431133303000042244043313130330004424404443031113033344224004003330100303,
1110112221111101222200100102122200110200101011211022400120001101021102044221222000112220020024221120100112011244244211021110011102402041331200144444124224111312014110111024443133121141103312242033222310410013324223032333044011003240220302230004012223440330333200044120333433440332400421200343434432024404224400434430322004404240444343303332400440440003344302224440440044300333003240040004443003003333,
1000202200200220202211022202022220022202110021122101022002020010122002111220200244111202220102022020044401114210112202024011101411113110020240104014443301002202400044411030303320004111114143313033020240444411441130310222040411441101331130030400101113331133300304001404010301103003440414441103033300030044430113303003000300004330330333303330400400330300000330004004404440330300030344404404433033300333,
1141110010222111110201440101112112222202114110001020211003224414112201110122023240104120201011232233411444202212202302231010411102212023203211011441100122302332101110440111333222320100441114431111332311014044044333010223011044044040322202230004003433330002200304043330300032200303440430030004332233300404040334443233030004040404300432333033004044043042230003034440404000442333030040000044440443000333,
1001010010202222300210110100012333233222110101100120223232000100014441220032202200111040010022332202110100410122022230201001441113322033322201100441330333030200014441401033003220221141410110113332200244110110110110302022041100010000100302110400111133310333222104000000330103111211404440040031113321200044044430333343312004004004334404443222040040034433403323004404404404044432230040004044044040332333,
1101111100111010202210100000110010100202101110010311011102021001011133311000320203333100111310223230001113311034222332334101130333343332232341003340044303002322411410441413230223204141114411432223302004441401444302022200411144411043003023334144141414003030230341041114440330333222041400012240330220224414001112442233223340104440022442333232041440044442202223220441110040333030233244044444033003333033,
1110002220000000002210101102020022222002333110120222010002021031001300020011120211033013110022210220101331131011022102020111133110112112201240003310201221202212433300100221102021124300331110221122122143033002220210021201400303311111011102213444430333301133330203334334430300344032443434404403330404334044333004300344343344043400403344333444000404044044434300334440444044003334330044000003333303444333,
1004100112220001222211141112211110101112441414221221011102201141444112000010222010114110112222020000141411010002002202204414101122200202202241440122002020000002110041111020200020201144440444022333222044111004240203023332401014402220032223020444044200233002030200044342330203333002444034320302223003320433343233020003303304344433403330333030004033444000330003000440434334444000033044044433040033333033,
1111022111022200022201001221010020200220001010122022022220000110101122122111022211011011011212020200003301002221020202000113010020212202000010131110101120002022141133011122022220201433133133022000022014441303303023322000400011030032023330334401014444333222033304111411111443333000140141043333344430331044414400044040030311141440444043403330044110000440433303030404140040334304003044044404444334443333,
1011001110022020222210100100102220202033100101110110020203031101104101112202333000114440100020220300010402221100200200300104210210200220033001042112102221220030010422112112111200300104014022212200330010411144244023300333144401400442230334441140040402240303340301044044442403443403101244020224044343301112242220344303403300444202044333033303404040444044003000304404044000403330033344044003333300300003,
1044401120222022200211114112220200000222000410102020222220200004144111220000020201041144010220222202011414140121020000021011441112102222000210001144121000002220144444044111012200201000111402001122002310110010422210203333411440004402120300001441444041112233000014111000410123303030144144440440200300334114033404044433300341144433443334300003410433403343340303300440344403440333303044403040334330000033,
1000113311222111201211100131112012122212010001133311122112121011100311301221212210100330013201102100101003131132110221121001331300221002122201111013023232201002100301132233220022201433322320232022002011430332022233020020014440333024432200021000404403343300330211440400334344444332014004440343330300321040043330434033330240400033433444004430440444004440404440304004004404040400043040040444000444044433,
1110010022302022022201100112233222020022100100123230200022001001101032220222022210001101332332002000101100013230320020001001011102330022002000011004222330020023001001044332033220231110010402222300022341010104004443222003404441104404432020304004100140003203303344041011440433343033114011040044304433001444100404434433003011414404403340433033441114404034430303031101040000303330030044444333330003030333,
1144110111200220002201114110022022022202100040102202333202021111410111020030200200404101010222322220144411141220332303321041444111233223003001111040102232203033140044010111233233001401441101222322233014111401141202033203104441134411020332231040111334212223232340414340342211112323440443444333330323304044033430440033323004004443443400032223440004033434333032334044040344343430302340044000003344033323,
1111001100102220002200101110111000200020010003001000202002200131131101222002200201311301011020022202013001310311022000020131113103202202222010130133132020020000111333111322022020020401130103020202222044411033303002200302040101300432200233324044443040322022230244000404403303320232440000440440332322320004040330444323233300044430330334433222044033444303304430020404434000303040033344004040333303344303,
1111010222002322202200101102242223323220000101144201232332001101104112213222202011101141011123303322000004411002220330024404401022202323220204044011002033223300044041010020322032300004010102020302323000444104422203323233111401141033313202300441144111313132232344114144101112233323040041110444020300230044410441402230332344011444114033343320400141114404034432034011440140444404033340001440440033333003,
1101111100000200022211000000121002002002100001111211120220020111102221001220220010100200110221120022140122211002220222021411121222210012112044414411120111211223111410210013332322331044112211103223332210114120221032003023044141022022230302234411433333202333000341443044423332223033011433340033404233000104003044443444344000143344343334003440441144040344404443334044400443344043344344000333303303334403,
1110001111100200222210100100022022200200010111001122020220221101301112111102200010103332220100120222311131133330011120023313111444311022200211333443334222020020011344030342023022020010404441303332020200010004143302220202110111141332333202020110444114223023302001004040444232233022444400040433220303320400004440400330003200000040044333030033000044040440000303004444040440044433033040000440404403030033,
1110000443311220022201100104111312020202000111140413323220000110444144130232022000104001114133320220011040101011022320201044111040101233200211444014441022302220011004433401332200021001440311113220022211014001333032302020101104411103002320004144140041033323220241401440401113233202414010044133302030224140100411332233023341044440130232233223144040040302333232331404000403222322232244040044433000023333,
1122000111000022002201211011002222000022112111002201202200200012222202210112220211101111021011211120010100122001022210200001110122011020122244000141111011020000401110444001022233334014411140111200000340140444114120222030044334041444202320330044433041402033003304033434411223030302043304344121133003023444040334211322333243303403442223232220434334033433323332304433004443302203033340443333300220222203,
1104001101111233222201444110121002332303411410101221122233031441140012022333222344110400120023223203400444041002202332031440114401110223233010401014141011023030144010111410132230331004104441033320030201144400412203230332401114011123323332324044411022332232223241441110223202233323411140044322030303234044400402203330302304004004243223003233440404042432223332204044044044303322232040404400040333023333,
1011010001120002200210010111100222200222111440000111110223200041111010022332030040441401112223223320411144400133323322204101040013022220302040104011122000333200411144144422030032201444144112023332202010440110111013002020110041114001103220024440444014114434030200440041140443340302000044014440043443324444040411133443303243304404313304033300043300443103033000334440300433303303303040003333444430033033,
1110000000110100222201011110010201002000010010011102210202221001012010112102022010110122020121222002101221200201121103320012110222022221130211002011102003021332112220121223333231120124022020220223301100140202223322334330111442202342334443304441410244423433343040041122402234043440404442240444304034330040044440430444034304044333334333433343040044044434340300400404040044344400333044044000033300444433,
1000100011110022000210111011310022200002110101113311100220020100033323222220202212022022223333002200122122103322022230341110021023222033033400011012223330303304111010120332233444400100112022203443333001012211204034040430100121102043330444031001212233404430334314411224334433330043104440444433400033431011040003344333034301044400403443043340114040004443044404330140040040030400443344400444000333044043,
1001111220220222002210102212220220002220100102211002022211101001011102211121220010011440111221211200010144001120210122001110004400120012002210011004011221122002011011044102022022021444010114423323333211140010143330220300001411101440033330300101401040330344433301114044433034330430440044004003303344434400040004334434333040004004444043444030040040000004333400304440404440443003430340044040044003334333,
1101110112202222200201000010123300000222011011110220333200201001000220022232220211011222110223233202011014401120332330224444144141222322203200014111402332333203111144414442322003334404011422220233300340444122444333223030041401144003032230330410140104402233030304411411104223030330041411410442330330331114404440044330030040014400433344033330404411140334333000004044414440444033000344000000433333003333,
1101111220233320022201222221112023220223011000022120223220330001111021220233023044400100221112303203411010111122232232234001110401412332320304401414441110223003440444110400123323034011141140110212233004041144411222112332044404113100013332224000441030100111302044440411331112223233000004331313003323304400400311333303223040444003310400330200000404444414030003304440411111440333303344044400004044440303,
1011111011122222002211000221202111102220110121112221002230020010222100022332332211112112211122322322444011012101023002300410101112022322220341110001002203300333400011101102003322234440100401102222333200041044410233203032400401140412303303224044401114122230033344000403441100300003004404333433303033000440040443443003033304000440434430330000004000044304030330334440444003404330030040044004430443303333,
1011012222000002200210101101102222202202100001010111110020221100010110222012002000111022210200122000011001211102111220200000112120012001022001011012022221112202111040122331122244220101411121133202043344414222110320333433004142112103224343031141411120302443443041140004403023343430140440440433303434331440440404444334303014400040000334403300400440403344343444304440404430334433433040044043300333033033,
1104401101011202222201004110111012200300011441400001120033304041144011100202220340441401122110200203404010400121222002034110144401023320000341114140111203022003140441114202232233321440441442202323223214043341221202333232141434111122230302231014344403320330303201144334003322203232444103433003220332024011334322223330302240144403303323022200044114400332230202334404411440302033003340044114440333033303,
1114420002220003300201414222020002232222014110020200002233331044122120022202322214001221222032332233144401100202233233201400110111020222232210441004410220000322011404410133333032001144040110111003332244114401401103303223044100014404133113331414444004401131003041140000400110113300401000004110033030304144404441033303303041440400010111300033410044010133313000300444041110131333030344000401001110000333,
1101100011122201000201010111010121110202110000100011212002020011101000011222020211401101111000202202114444004010220200201010104401002022002001114044010220202220001444040120020000020104004001002202202211404344410202200220014043024222200220020144033224440222032214040343334344433322140334430343330300334433040400343400330304344344403444003300334344340333033303003343343044443340300044403003333344403333,
1101121020000011100201012211222022021022010121101020220212200100120011020022211100111211012222011220110012210101111022001102011222221003320341222121111101132333140211204422110320031411222442221013220014100442243322223203141140420430233033320044404224030233003244000040040322322220440444000403332303324044000040300223033200004044433304233032000444043434440230004040400334043333033344400033444044300303,
1000000101200022200210110011012002210222110111011022201112001000001001111102202201000010100002202202011011101100022002024011000011000200202044001101001100002033041101011101000020300410112142010200223000440222422122220030040400242212003323000404404430122233230004000403311200323303044004331333332223034000044404442233322340004000434432303223404044404330030323304040400443033303223040440040400030333233,
1000011100222022202211010001012012020220110111101120120000200010220112110202220210111220220102002022100010022011320020021001011111333022030201110040422322233323401440441222333023234441440411103022202340010414140130233223141140114441130223321441414404101333203211101144304444432302004441403333003433020040400400003344334344040044030030434443404444044330330340334030333334330033030043330004440000303333,
1100111101120000222201110000110022220200100011110122000200220100100010022000220201110001121020022202100100112210020000201000110211142200022211000022244420333332101111124204230022230122222042224222023301140044400242020203011044000444033030304004040000443030333040040440440330330000404400044344300000004404000403343000333000004440033403033003000040404003033003030444040444033033030344004440043300000033,
1100111202020010022212222212022200102200100111222100221000201010110011002210202201100001101102102020101011100010112220201010010001101011020010011011104411412223101011010144224211230114102144024442211301044222444222202203414244242220303333034412224424403300303004143204424443300330111430403330040303034441344403344430030340013343344304333003044444330043334303034000334444030044430044443300433033304333,
1122111133303332222201212222123222233300012111202223002032200101220020033302232200102111020223002332001220112203320220301114410022323320023004411101102223200223404100010202302220234410110112333344433341100110220444333400041401002443040330334414001110430400030341441144114433303330010401144433430030000141101003344300030001444101114430333300014011104403330440334404444404403040403044400000040444404033,
1100110021111001022201110102101001112200100041221004222200201000412111442441102201114012224242221220010141120422420211001004112104224411201010444221440101102112100401114011121022121441140411010220200214411404112220220202041444040103233002020143304433332033222001430333444033220002414030034343303332224143334303030033023340430444433033003303040040333440303330334440400343433000030040044403034403003333,
1110110000000000020210211100022220200222102220220211022020000101020220100200220201011221201102022022011011211100002003331012221410112223130311011114022201231130104440411221113313301404044121120101313001400011211220113130114044442332022231001442224020323332310004242422443323323103402444204400301113334040022404313333103040444004401311113300000040404413000330034444044033133003033340000044033030000003,
1012022222000221102211122101102221201220222111100123312102020112220111232121200000112110133222112220444101013112012020024040110131100122022200044041310111200000440404411333302022204044001431112202200240004413331222000302040440113010132203320440400103011132003240440410330333322030400004444330022003034044400034033333033304400433343000003000400004304430030330304404440404330303303044000044403003300333,
1011101110222020202211001102220000222020011000221022220002201001111012020022200211101001110022002112401001000222022121200400011110200211122204111000012111222123041100001112210221030440144444102210122340044111114112111203404413033444113002034004133030403033323004401443300433003030040010440334300303334400440433443043300000444330303400403000443334030333444030004344344300030003033344040443330033330033,
1110020010001333032201100211101113203322100102001010032222021011120001002233032010001211112223323320140101220233322203221411012022213233202004144110021103022002041401222114332202220404401110411300202010401010144413222002104111000403311120021040144440043222022014410104333432033020411441403034323032204144044344432330330201400443334303300022040440034403300303320400404443303000003344404400033003333303,
1100444040102233322210004104411122020302100141114140202223321011140104111203232301014404440122233223411440011101023223204141144401101132332041441140122011323000401101401020103203330441441112202220033044114220011223333003040044021121130003004044022202211033130040420203223331331331044220033323011103112224444430230030113144200303442033301330044403334420311133034000444434200333100344440040333233000333,
1010000011002222200211100000011001000222000111011010210002000110011011012122202040142220100121220022401411120110221022024014401221010013323341011412110101132233040114012211122233220401440120202203322044104011022200300200041104412020303333204141040044023300222241401440440230330003414111043422303033030140104403032332233001404404433322200300401443333444200330334114344440434333003344403330403334400003,
1100111012000000222201011222120222202000011002111220200200220001112220200202002200001020201222022202010010020102000000200111002211102000022210101102013322200233110111011330200220031014401131320022333210144414310333202322001011403443043323200011014430434443323311044404304434343223010404040430330400331100004004303304440040440440444300303333440440440033303000304040400044440030330040440444000400330333,
1101122211000222220201100112110220010022014111212102211120021014442122120102220210111241112110202020101021400022112211220101214222122121011201112140021112111202444411400233322202301111440420230332023004141144222302232230044414403332002203301111411111320020300340444044403233023003404334044302322230334403343303303302300000304430330000303000033343300030333300004444344440330000333040003340003303330033,
1111410222002022022210441102111120222002040410112010200000020404100122022022222014110441122102033002141044102111223300221411411222102322220201441141202023032020110404440222330300201104404044423023022200111110114322232003040404410143200323330444044144033222322340004011144423303220404444004111123033320400034443332233002204444334030323223033400034433000333233034443344403303022300340330333033303003003,
1010002202222033022211011022202002332233101122000200322233221010111122233323232001001022023232332020011100201022022320000001002212203330200201101101110230002002110011100222322202220101000112002320230310011222200323233303144412030333234034031404144303003343040341114413303344334443010141113034433033341444144440334003030414411411044434334344111441144004344344300040444143343303043344440111443344444033,
1100441012020202200211441110122202202202010441222110202020221011142012112002002001144420122122022002144104111200202022021141114001110020333210440140010102223302011114422203333320324441014244444222203041100114222023303233141444142202220333031414140440002022303014101040433330332333144114440344033023001014430434040300203001144433343030303330444033443433303030034004330443444433000340444040433300300333,
1101111011111011122211100101220221032200000114411202110233020110104102211022322244441144144222022302111144111442020003301044144141110022223004011014430122023322444101113331223322020401001003130232330240403331301320320332044331133313220222300044041340134220332004004414444344420320040441403334332223230400114044343302032344001444043430333023004401104403444322034404441000033343223044400044444003423333,
1141111102202220002241144400022002022020441422222020200020204140111010022002202001411440111022000200011400440212002002220104440111220222201210041041212020101110100114442210211120001110114111122212202004410414222111220222444144144020110323201114011144233013203344440444033303332333000040044044300232200044433333443302303300043044443303323303444034034030300230304004440303303333233340040033300000222003,
1111003001002200200210000331112202200222011111313022020000021333331311112002222010001113313022020002011101011333022022020110101010302002202210000110130322200002110011410303300022204444004103003222002200040401133030220200444044001003023332300004404103332232223344400441032233044430004000411134033404300040004000344430334400044004333430033040040443334440333434404440430300443404433043333444443344404333,
1111011101101110002201001000110112223322000011110010010223201101000011100111323301001000100222223203110011010111110022230010110100322202003010110001113203222333110110103033302332204444011333222233220011141011232333202000014111433230222202021440104032330033322214404443323033032000400400344232230323330444033420220330330040403344204440030030400440222404044330304400444044040443343040440004403333344433,
1110110121022010111210100101211121110102010110111221221010220101112221220122100201100211121111231020010122201103302312204441120222223323122340114104443322302033144401404032203023031441114042332333222301140042022232220332110400420233323233221044114220302330322001141124440220030330441144220402330303330400402004023003300044044044400030303000004004400440303303330440000400440330300344004444004044433303,
1100001001122211120201001110112211200222010010010201202220000100000101112020002000101011222101020222001110010112111221200100011011120122111001100011322210112202441100133000221222020400110322220221112204111332333203213002400442224343333130234440024443401113302340044424344013030323004400233343330003234400422040003033032304404004443340030332000044404033430330224444000004434330033340004444044434330303,
1100010111001022022201011110100110023320011000000110112233230001000001122210223311011110001220122323011040011120111233221014441100022333203201414102222023222332014111021111223233001114441122201134443300414411402121333430044100441121234443340401004114022334344404010440042023323304004122244422022234434444044222444440343000004424233300044333000042244230333344034444024402303404333042222333330004440033,
1001101011111222202210101010222221110220101101121100122220201101101211001201020000102202221100111200001112201110112122200012211133330122111101024441400311212200011240414434302112221101100440443302103000111040030433222132040001403334023233324401114003434433222344040440344334320223004440043330343223024004000444343003332244404004334443303220004044003033343223000000044034434330233044444004440340002233,
1011000010022202022211001110101200220223101122101012302020321011201010133320203200100201011030022032010112111003022020321101222102032200330210114442223332030333014411020444233322200104011020242322323311140010222420233033040144440042202033000411141110440203003304144114042402233030440144404442242230300044111404244433003004404414402430303303404040004420330333034404040403330330003044044404030300003333,
1122211110113022002201021221011132022202110112022020322333320011020242023232220201001122422232302333111001144333233023000100014111022203030010440441022002333030111440012201442223331004111411110442203004410011444442244303144144442222232203331141422233303302300044141213304330333003401402114440003003304414401413400300330300141144130333030303444114404330030300304114400443033003003341104440400330330033,
1100011100002202200201100001000020220222010000010000220023201000111011111022230211100101002222302322001001001002003303201101100110200323302011101110122203242200000100041420232422201111000444003322400244404440003322444002004404404443334002224000000404344433343304444404403343403403003030440430434034300333440044340344433340343440334443000300400430403334030330304404033344433003003040440303004330330333,
1110001101110200222201011101102112220020010001201022020022021011010201022030020210101002022003333220110110022120222223331001101021210330322301133110012111303200014143110113033232201141433010033022233340044431110033233230044003441033023232304044333444302232322240040343033422323030400044433044443203334044040304003030222300040044440033033320404404000044430302334400444040430303223344000404404330302003,
1101102020000000222201001112220022220020010222210200200022020101110100220222020210101001002022442202101010010220043440231011000100022433222310101110111224033023010010001312043222320110103303333430023200110113304443320232440011134403303220324101033440030323330244111334003303233020114414434400333002221141444304430003332340411003043334004330404104434004443334434414440344430434344341100044334333444333,
1110010222220200222200101110011122000002001001411012202002200001044411011222020011010011412011200220110144414222200220001011414114000222022040441114440111000222401414011110102220004011444001001320022341014001122333202203410104441223023302031444044110322243302340044114444244232223444004103424433233304004441333233322033000043044303020232223444034430033220333034000343334033003003340003344440003300003,
1011011000022201120211010101111012211222010122222101110221000101001012221011212210003011121122212102103331000201122121201311311011222102122013311311220211222023130133322332013200230110030233203330220301011133022234030203114441033203444332234411014430030043203040114043033304032330040140433404442232330400440334040223322204440400404004432333400000440444404302224440440440000040333340044400400000430003,
1100101111010011002210111122210101120222112222111011122220034440112211022333020340112122001022232223411121102222000320031400122021112220330314441022122311232330104011121203102322301404442122333002330314114011402223322303001141144424233233234444144142440303222304011041024000433030404011411204404303334040004002440443003040440004024333303003000404404423020330304040444040202223033044400004422202030033,
1100101011102201002210111414414422211120144414411441111221231400411411101001202341144411000101112233411041014011102233224010244044412220032041012444041211113022011142200012220333004404412211120022322204404111223020232302404040122322223323334004044423303023222340040304033032230332404433043003220030334040303334033330330304044400344400033030040404004334000000330400404443033333000344044400433000000003,
1110100022022200222211000101220200220200001101112002022000001010100402200202222210101044112200200030101011141020222003330103344112112003302001113044011012203320010311114101112223200003310444014333322044443011411044003002433311100440443302223444404440443343033233343440000433433223404333044400434402334040300404333020022340444333334433222303040334400043223330300400304404430223033044433040000333030033,
1110000000100020222200101001111002220200001011100221111120200100100102102200202241110111121122002200401012222021002002024101121102201122202241100121224222120020401101211402011120000400112444021010222044001020422122002302401101240201220003334011011442212033300304010100441402230030040044441114330300330440400004443330330304040404400344433003000444043033334030000440004403444433033344404400033330330303,
1102222200223303303211200000220223320332012111112000202222321210020022020203332212110222001122232200121202102221020032221212200112411022333001011110111444220230010100014441113202231114444100410030223304414011440100320303441114443400113222030104104034411030023011140040333133030030040444044113303303334440000443130003300040000004333033300333044044400303003303034404400444433000300040000440004330003333,
1111002220200022112210001101220020222121001114110022220012210104400102000021211011140441022200212110010440401121112123224440004414411221232040044400114221012322411040444412111332031011410110121332220311441101011131330203144110113033312220230400000333011133202300440440303333232332044004400300032203320040404333303032230204044334444430333032040040330303330030330400403443300003030344000444303300033303,
1100011000000001112201100010101111102122001011011102200022120100100010020202201011101100010202200210001000111102023232100001110222203233320100110220300333200211000010223330302212010000111230022202111011000010033002321220111001033344423121200001111040334331202244404000400334322200404004044430340300200404444003344333022244000004003343222023400000044404303333300444044040443300000344004440044033003333,
1100000001110100112201110101100011110120100000110111040010201114444101104440102014411110444404111200011444100402222202201101004440233000220214111010402320020322440141114223223223204040444411232332232340440002223233033003044022242332220303334004244423030233222244400422422233223330400442244244323203300404400342443233300004043443242202320333044333433442232223030000344303332332000044444330332233033333,
1012200223330002220211120222020322200202022101101222322002020201101012033302002202112222103030322200112211101032222020020112210010333233322044100100011113230420440100000100032244220411110110111342244341000011144313344333410411400403344343404114414044303043344040104114003034434343414040440333400343330444044040004030404040404030404440334043400043344400330334434400430000033030033040004433333030330333,
1101011220202220222201122122022202200002121221121121200000201221122110112002202201110110120122202202440441112222030332024004404211103330232040040142100123222322044041421011123023324400114133310233020040110141331332320222040104111410323200020401140004103322330044000400411322333030404044004033020000300444004443302203303040343333300333030330403344004330303000034430404440303033300340034400433000030333,
1111444202020000200210441102220202022202441110101122022020024144401010202200002241041110010000222200014000011101120230220144401410011220232201004114010121022333100410140110111223221114101414110133322300144401400013133233444111014011131123304404444144041321222000401401040403202030004411144044432203334404400400033233223004400404400032033323000044403303323002234444034330300233323340003330303333003003,
1111100110002222202204444111011110000222000114020010022020001101144222022202220001012242002000020000011011240222202022221001011410330220200011010144133022120022440104111003331222024011044401031313320241444104011011322333414401101411313223301400010111443033322214044444140433202302144001114443032223021404010140033033033001144400144433030303011400444043444330304440404303330344033340404043300303333003,
1111011020001123322201001011222122233202101110220021112123000001002211122211232000101112102200222322111011001210130332020013331122111330222011031112113332332333011033023103222232031013303331120330320314011030000223033230144104033333220322004401044222223330032200410440043343033332404440044403434440424040000400334430442004040400444403330033040444040400434433030400000400404404330344000444044404403003,
