1220000000020200002212202200020222022022100220022020000202021100022202202220222000110311102211120002444113101011210222024041333131102102100004331113310022211120044314013311111212224433140111333002212300440140010113021133040441401011131201030400414011003311133044000440101311003330004041101013313300030440401101103313000004404044010300103330000040404013001300330044044044130013030044400004003300003333,
1100000022022200220201222002212211220202010202200100012000220102020110111020220200112200110010200220000100221000100202000001102201110112202211104111010101123200410400011000002032004144441001111103320014110041100000103233144110411010111103301140014100110330303044044140030113033000440041414033033030000044041144433003003304400441433444030033004000441111440300030004440333330030333044400400000033300033,
1220002000022000022212200022002002200202100222020220002220001002110020112200002010002012221122202020011221112102111202220111201010120122203340221222111220230303402011110002000303034024044011001113033040240441011100130300400404011400101030330404004144111033300004004401041001003000004404104101110303300440011141100103030000404441444110130330440111441011311330004044441113133131111040040044433033033333,
1111101111220002202203333122022000020222344001002000222020003044011022220010220033343101110001112033444334410011101212234003440100011222102304443310101002011123404330111010102222324043444400101112033340043333001100101131044440303300110113114001144433111013133340411440310001133030404041101313110300004040444113113300330040440040133103330300040044003113300000330044004431030333003044400004013300000033,
1022002220220020022211122020022442200200001020000024020202001101022222044042202211011011102024401020000011000122244211200101001101114220012001110011014442201002100331014411112111221003111413333102221210330134131110221112140033341133120102201400043401331211100344044043330102100030404400411311112222320040444131333003332200040003331303302232000444300314033322300440433330444040303344000444440004433003,
1110002220022000000211011120202202022220001001100200020000020111040112220220000210100440101202030332114044041011102233221444110410001202323341401444011102032223411140022201233300200444401102212311130240000110101221330322440001001011123033320400441011012233222004004014101223223033404044144011132233034404001044103303300304044414010103000330000401440111303033004440411433003033000040004414003330303333,
1200200222000002222212202220220002200000112200200120220222000101111101220200000000100000102000222022141110011120000202021444100010022000200214110110011202202002414110110112002002004144014100101111223041401140110133102130010441444101443111304011441011414433133044414044441133433103011411104144344111034114133301044333013340044033011140303303044040003300330330300400030303330330030044000333000003000333,
1111100220020000000240440111211202222002440401122112200020220044222102210222020202224401221120022111022404411210223112000044104101010133120240411104411101331202440010111444131132020401441400111331320204014014101000133020004141041001110300200041411410113310330000440104110301113033440044400411333130030440040440011300300304000400401010330000404440004410030330304004433331110330033044400030033330330033,
1000000044400000000210222202422022000222111000224002202220024001224422202020002044011224422111212020040144422000221112200401404021112022212000441100210220212112000410112011121110124440122210112201000200401011010012101112040401101101101010124440441310110111330040044033100013331111040433430311100303330400344430100330330004003340330130330000404444040311300300004404004411333030333344004404110000330003,
1110002222022220220210011020102002322022102211021023033323224002122210233032330004422102120311023033404401101011310220304400410001133110200340404100010033220223044040101011110022034400401010100012033200004011010101022032440004010101113302324004441011100313323204400414000141113223040000140011401023330440001444114332230000044441110043223030000040144404033030300044001144040003300344404410004400030333,
1001110102022002022211100001120020220202100111101200200020000040410102200202220004404401110222200020004004001010000002224404400100100111200244004011401112212200000441014222210202000440111440111101102004410141410030111320004144010111333033204404040113313113030300444110131311333003440401010313103003304000011303133303303340004000301000003003044040333310000030000404400041333033033344040444411000300303,
1100002002201000200210022220002110222302110000021221220033024011110211122020322040100011222000222322404414010022111123204044144110102122023340041410010110202203044141110100110022304411401301110100003041414103100010111030114041031011100113304004010311031010011340040103013301113330440400443313000103000044044033103330030004004003001000303000440444033010330330334040404430103300330340000040300030000033,
1104044000202202000201140422202202020002441440442202020200020141144201112002002201041122210220002200014410211002200020000104010122200222021101004101102002320211401041102021113111334011412222120113103044414211110110331303011402133311103303030444420431333300030300022444311103000300044214111031303330004422114444133310303004004403341031130330004440403311101330304400004440333033030344400040044433000333,
1001100202220202022211101002202000222002010012200200220202201010220102002200202010112411122200002020101044012100200200201014401221112202000210410012210220220002004114111011100200020440144400101000222004041411444101122032000441101111011103320000410404401000113244440444041110311032000340004010330333130303403444013330031303034333404311110313033443043343300011334443300443303033330044003044040030000033,
1000402002202002022211004020220022022022114440202111112200004411112212000010210004014410112221112100404440110011221221004000040110011121212240440400011022211211404404111011200012200040044144100111002040044014144110122202444044101001331300020040411010110303032204111444114410330330040441414400100030334400411140111003300004044330410003003000004034440333300030300443330003000333033044003033300003030033,
1102002211010200000211122202121122000002022120221212202020220221110022211022020000010012111011000200004444122201012220224400001112111220022240444004410121111100014114404102222000110141000441101111031104101101010100010330041101011011030033004414011010011033000040044000131033303333040040444331111030000444040043033033033004004443303300030330404040000030330330004003033333030330033343333000003300000033,
1111011110000030022210001020220220332200000010220022303230200100112000033302332011100102222302220323010110102002200030230000101110112200302300011010010102003332111040010101102222031144400101022200023300410010010101111023440100110101101022230401110110114443233244044440014433330322004004111440440033004440401041433403003001411104411034334430011444400344433443304414000330343443344344400003303330333443,
1000002000200202220211122202202112200022021202021222112022020221110210112211120200220110011022002000020022210101102022220222112100111222000300121121110220020203011100100011110022031010111011010030200310014414101013002330144111401011133033001040144414403303003314010041440300330333441141114133003000000441444414030030000000040000140444033330000440001443440000304440400014130033330040400444011333003033,
1100220200002200000210020202222002202022100202200002000220221022200000220022021001100222220220002211041144440100022202104414101101110212112204041144412221112120040441141211101021200040104102011002230240441041011001123330440410411011101311300400104101330110100304001040013300011033004004000111333031130440404440003111311300044400400030331330004004304333033311300443303334301111330044003300340333300333,
1022002002112000022212202220021122200020110100020122112002001011101021200202222001222111212212111102011220122211120000124010022000022110111240100022111022101002440110121000211221104044110010111222001104401011010101111101040440110101330000330044044101033000033000004110114303303003044441404440303033034000040404003030030040040444003330000300400440004440033330334004404040003030000340000044044433030033,
1111000222220020022200010020001122220002002011220012111122200220111200122002200022022221112111200233002400201020222022332224401010111020323202040011010011003323044004010111003030220004441010010033132244411411101001313330400041044010113113030444411440110113110340011441401010030033400114011444130000304400440144111333030340400044010303003303040000041113300330034404004431330000030340440000331111133303,
1001001102002000002211010011022022200020010100001022002000220101000111002000020010100000100020220222101111000111022020001400001101002000220014114410010000220200141440110011110202000441110010010010002040101040110010111220441010414110110212204010011440011022230204440440441003112332400004040011333100324400443300110131032300440003330011133322004443344033330113200433344433030030113344443000333000333303,
1000022000000002002211100220220200222020010111020202000202004001002202202220022240410022111100220023404412112222020022034004121000202003020304401211011120030203044011001102223332304111001100111022233014440411010131203300141144010101313300331141441011001333003000401141010110103303044011410011011130330400040104033310330300444401043311330000440000414441310300304044044400113113030044040400444130003333,
1110000222002222020201002202002200020022010202020020020022020012022022022220222000122010201010020302441001112211100203024411001011220022230240001101120222030332044401101211113330024411101000001003032011444101111100111322114004444000110313324404400010111013103004404000110001133300040114401133333110300044411103111100133004004014033343301130040040443404334000300400044344040443330344000033404440403303,
1104111102222000222201140440101112220200014440411100022020224411044010011102022040114000011001022002040144401100010200220404104010111020200004041114010100202022004404144401002020220004040111102200220040004401000121110020044040401011210102204004044410101310220340444000101313133323400040001331133103234000044013301311130300444044030331330130004400033001113011304403330303030030303344000033033300003303,
1002220220001111002211100220221122220022100144442121120022000101111401222011122011100441101112122111010111401122201021024040144012111120220240444101220010220020440401114211011111234041104441011003332300414411401010233223040440101011002223304404011010113320303340404403110003330000404040030100300033330040040333033030003000400044403030303303000444003330000330034440043300300030300340000430000033300003,
1102220000022022220210111122202022102022100220200220211200001022020022010102003301000220001112220023011002200001330022230011011111001333233044001000001112223300440011000010202322330040110001011123111344410011101013313010014110141010133133300114144401140111030341041401141444401033044400411441011313030000444004111013330044000404401304311130404440440433343003000000404044434333033044440000040444400033,
1000100200200000002210011102002220000020100010120002002200221100001220002220220000110111022200002020001110000200200020204440011102002002002304040122201102022023004441021201100202031111401122010002022304441101011011110123040110110101013011320044440011010331103244004004331103130132400004443010031311304004400403333113331340040440443113310013004004040344431130130040044033300331033044400000301111133033,
1144000202200200220211440002202002002202100044422002002200020111400002222020000201014222200002200002100414442011200200201444102201102220002014001112210002111120014404411211112220201141104012220101220001411400110110313333041044010011033113004111400101013313303344141401333311113300040414010103000030030404000101003303030300440400110030000303040044101003300003034440041103300003303040000401033300330333,
1011110000000022002211220222220200002220110220000002022200020011200002020220002200010200200220002202001102002220122202020100122201112111000011101111010222033330014044401011111011304444111011003301131301114141010313331311441044410103101133014014000110111010031004440441010001133110000040440110330330334044400400113030033044040000440013330300040044404403130030334040400000433110303340004004444301103303,
1111400002000222220200144120222111100022000141220212220222004401144201112002200004401440122202200000004014001201220000200411411011102000022044140121002202002022041401211211102221110404412112101021133000404012220101101330044400111011010100300400101001131101130300411101000330110300004010013033030333000044044133000344403044004001000334343330404440014433043430004040044040300433033340000044044440300003,
1111002002220000022201001020202022220202000011122200111020000001001200112220222200111221122110220000000102212212220000004440020101120000002044044001001200002220004041101121222200000444001131133320111100004401313131113333400000441331010131104440040413111033131304000004113330331333404444400101031110004400000410110333030304000444101100113330004000041003113030034440000010031133133340044400100333111003,
1114402220020000222210144022022200020002444111100002000222004101400111002200233241104401221220220322141010412212100222321401114010211120003214041444110220222330141441101101111123204114410100100033322244401141101110022303004000410010011213030004404104011101130304404410444000113303040111440040110000300440444004011300333000040004403313330030000440040303310300034004000403311130300344404404030000300033,
1100001222200020000241100111020200202222410000122002002200014011110020022202002104010011111011202221044404330001022210210400443300110002111200400430331121112212444004100330121022024004400111301210203200340011331110220030003443331300010203304433344113111102300004004411030300333003404000441133311130030040440413111330033000440414110313033303040404114443303000030440040144030333000344000044000300030003,
1114004220211002022210444042022122200022100404420022112022000111140211112002202044104101220021200220044041110000212000020040400011110122022244044000100010020200044111110011102000220114403011001222112244104030110101110110401443301011100110100441103100133110000004411303330133113303040033300311103313030040004443013331130304440004343311031033400400403430100330004040444430411033033340000033444000003033,
1110220220222000020211012200200002200222440110202002002220004044102200222200020041441020220000000200411101022100220202001441011100112020022014404140110110222000104044400110102102331004001101222211120300444410121111033330040110141200101110300400101412110130100314401404120131301333114104401211313303004411141103330304303040014114130033433033400440441300334303300440044030004443000044044004444433303333,
1442222020200222022214411112022220202200111440022011002000000441111211012200002240410021001120222020402012211100200000224021122021220222220044222002221100110022004000111211100113220040044101300110130000440401313111013300040044103133033310334400011131300031133144044441310333031031004011143013030301010040104443113113111000440404031331133100040404004313030113330440440444303311330044040433334440000033,
1110000000200010000200102002002000120222001022202220201220000441002440022012202044011104101022100222404001441110112220200004441144410112330344401441141112212230404111001012221112330410401101011101023004114411011001103230044004100101000133220404400101010111332000044404400100312232040000410011003233320440004111003332203244004443333322202302004400340440333033300004333404430033000344400304400333003333,
1000002200002022220211222002200022032022011002202020220302002241200202220030320042412112010202333222424121220011221223304241211010112111203304212001101200122003442212201101110313314002122000113331133104021011110013133131040011010011131031100044041010100111310000440410100333003000040044401113013303334404000100430130003000044441114441033303044000044411413300334400040440411444440340404440004440000003,
1110011120000022002210122212202022202202010111220222111120021101221100212222022010412121110112012022044221222210011120204400014400111001200300444114400010202003040044041101002202030000004110110122023044400041010122111030040000401101223313300044044001121331310340044004440111013103404000000414100131000440033334140110310340433003034411130133404333003330303300034034000303033300333040443333000300000033,
1110220200211100000214012022202210112222144112100221222211100104121110111001220001041022101202111220010401122100220120000104010021112200211101400110010000222102404440011011110112224040144011001011020004041431010001222003044014311011112023334040143113322203303040044113013330300300400041333300033003330040434400330303030000440443303300330030440434033300300300304004333000333030003044004444403000330033,
1122202200220212200211020220002202102202010202022200021200020011111202000210220201000021102202011220011100221122202112004104420212111122211140142242022122111222401142044410101221104014400440111012110004414040040001021330004111440411110233030440441404033013030000044110144311133033000041044113100300000040044414413330300304444000101110133003400004401101011303334044404001003330300040400044000030303333,
1200020002200020222212000220221110202000120002020100002211221200020011022202110210222022122020010202010002212200201112200111021112000221022044010004411102122110404011140100221112224040101441011012202040410041141011012003004104411410310101030401040014133011011344010401011013101103041440414401333300030411044114111100333000440440404403303303040440044334403300030400004044034030000344000444004333030003,
1000220220020222202211102201220200020022100100211122111122020101112222112022202011003133300122000020101333111110002000200111303330011120002000131113031133222002000311000333123300221013301113111132220211131010310330332003000110133133034423304440110301030322403004000414411013334430004044114001100433440044041440110444030404400401140014003034000440440444404030304440440440000040303344040000400004443003,
1100000120220000000211000001221111222002101111102122333322020100000121120222303201110011100220223332400100010111020002234000100001010222020304401011100014202033040011001011140022300404101144441422022300440014101144202303004040141101112033034040401401102211103344004101400122133300000041140011131311100400401444031331310004440404003330313330404004404303030130004000040443000333030044400044003000303333,
1100000111002220202210111110012200022202110000000021111000224011100111202201220040010001002002211202044100010102020212204040110011122002211244001101010220202122040401000011112020110044101111010022111011141013331002110330014144031311121330334041440011310113030304410033011330330300000403033303330030300044033000300000303000404444403000003030404033300333003030334404444330000333030044000040330000030333,
1104002220000000000211040100022022220222014411122211200020004411412111220202220044014020012102202020041140111011202202004000110102212001022244010101220222110020004101100011110110120041440111013333011200440410011010031222004044101001103130004400001010110331303004440014100013013033400044141100130130304400440430111003030004400004344033303300000440404344300330300044044433334030033344040333044443300003,
1000000110200022002211001110122022020022110001011212022020204011001002121000220040411011101212002022404410100121222020224400010111211211120000444101222020122200001041121111222110224414012210002011020204144412011111001122441410111000001112100041110103333303321003441410304400331110034044403344030344430343304044004344330304330304003334443033040043344033033030304404430043003303030040440033330030003333,
1100022100000022200201112211102000220002004211210122220020220042012001100002220200420102221222202020004201020120111002220042441210220010023004000411101111222103040440440102220201334440441141011112111300111410412221210331000441104120122113110040400101021211030144004001101112023030044000011030012230330404440033301132300340404433403110303000404433344413013303004040004041133130033340044440333033033003,
1102020000002022220210222022000222000022101100200220020000201011220002111000002001220200022100222200011102002000111121204001002221110222112244401121010000112202400411001011110022000044100111010011102040440100101003101221440001110110133102210440014411001301133100044403431113113101044333443330003331010434443444033311311044340330333003011010333400330033003300000440004033003303000344044440033033303333,
1111022202002022002201001110222022020020100440110202200200221440410010100202020010411144111222202220104404443301100200020300411133110112002003334333101011220020044341131101012022204430411301012200000204334031101112111112304433311100010220023333401330111122320200444413334333133220040030111034111032200443330033341001300200403033003444330222004000404043300332300004444040443330233044400004440400032033,
1102220020111223300201102022200102033222041000020010202223304401102020100211223040010022211102010023044110011202221022234040010112201112002340440110122102220203411110122111023332300444001221003323003301140101101111203303011411101101032033034441014410131303030040414441001313003030000400140013133030330044001444113003300300004414010331103000044404104133113303330400041441113030000340440400443330330003,
1000220222000002200211110220002220002022000011102020200022001111010022020222002004440100211202002220004000111022002000200040401102020020000040044400101111220020440041001001220233204044111011100333222341414101000110131133114144410101011313301041104110110011311101140410144013033033001404100041130303034114041004110330300340040010440330303330040404144003300003000440444004303033303344040004443300303033,
1112222020111000022201100202201220222020122111220221220020201120144422112022020010221222441200020220011121040221111002200101211441444410300244422011441111443002404204441001333430020024404011103030300240240041013311030332442400013311103300334224000131000303000004404401310033030300440441013111300000300400111010003000333040044104111003300030440410414410333033004044114144330003303340004443330300030033,
1014022202000220222211142211122220223320004111222101120332020040110201201230220200400010222012302202000444111011020330204440404100011200322040114010111210223322401101110133223302330444101001033233022304040101101030303022000041101010030032004004410010100300323044040144101013022233004000140010130000300444411411011033330000000440410101030030000444044110010030304440004040011103003344044441111000033303,
1112022220220022000212221201122322000002100211211203322000220101212221223002220201112200212223333220000211100100020023334440110110112220223040110440110111022003041440441022222002030410040141011033323004004411410011322230004404014131013130330040010141310013330304401110313130111300400441333311333010300044404441301113330004000440013301033000040440041110333003300404404444030303303044000000333303033033,
1122000200000000022201122002211200222002014102021212002002024441220212020000002000411220122022222020440121110020110112224002212211110122210004422122022101021110044112111212222031304041121010101111133344144101001103333103041104011101030111304001340100103001003344033444331133133303403343334031131100000444033443300311033344000440440331333003004040443330311303304440400403033103003040044000444400111133,
1002202210200022000211100221112220202002001000021212111020220101111222112210220001012021101022202020014002210001100200200144202110001102002041402210011101222002404002111001033311020414421441410111311204141104144010113122441441441411110030034001140011444440303004011041013300330330040044414443003300300440040400030030303000040044033033003300000444003303030000304404000003030330303344403333300000033303,
1122220000222200022211121111000000222000002122201122002000002221220212020020000002010002220022020022000100200111120000024441002000010202220200401102111202332020004012221002200233224400101210112022330204001001010102210032404401110101101133304404101011000110113040041444101110333310044010114041010301110004441144410130033040440004011011330300040044043103330330330400440431131130003344404044333110033303,
1200202200010002200212221202200102002002110212110201020002220100121122010220200000121220122120022000001221121112200020220011201210220110202200102010011110120202000111010103011222114441101110113333112044004101010110113122004441001100141333204400411101144110300240441000104430330302404114404403330003024141040040300300033001144004403330330300014144400430000330000041000404000030033044410444400333300333,
1101111000000022220201122002222020200022010022200202220000221011001101100020220010110021101022200200101010222112000220330100102012220020023011101440102111110230010011441110030302304444041404411133000340011411141441131033040014104111133110030444114440000311030300114014044443003330001144403333344444300444114114400330330040044104414400303000440001444110430330034004441114004300033340004001004443033003,
1044020222010020022211140220221112222002414401111121211100024411102220222010111004101002020002222200414001000202003300204144012112200032222040004122102022331111040441121102211133000044222122202113300022224421011112210333000401011001011100300444011010101331030304004414030113133303000444040311031113134440004441330300311000400400013030333030404004400111330303004400040444443030033040000400000030333033,
1110000000200022000212202202202220200022122022242200002020200112044402020020220010120422202222022020101040112100111112001010444121112200022210011411010002020200444111444011112220224010041140010001112004144001411011101220041144011011031100330400040001010330333044044044411330330000004044041103000033300040004103130003030000404041333033303033404040441130300030034404004331103000330344044003033303303003,
1122222002200220002211000002002020020020101144020202200202200410422202202022200044114400220112100000400411420010221100220444011200102110222000041012201112220002044014211100001111100040142410111133300040441424101003311333441144244401011100304110114010111000003000401144110103033300444144141313113003000411441413331333030040414011311031030000404404443010313033334400040330113130300040044044440030000333,
1110040000002200222241144022222000220110444104440002202221104001110440202210122004001002112012111211044001022121112021130040011121121220222344040122122200210203440410201211111010230044112011222000100301041424412010111330011144044011110033031004404041000001300314400044011011110303134330411311000033001344331313333030030003334413311103303030440434033033300330334044333003030330330340044030000300000003,
1022202022200220020211120220220200200222100111220012220220004141014441120000200041440411122111102200414404401012022200204100410010220211120241444133312111212202040040113110112020224440041130102220233233330433101010110330000434031101101003030004340310110113310104443043100010031101003344413311103310110003401113010001333304443331330011110030043344334033333033034034404433404403303340340440444404443003,
1100001010000200022201100010120002020200010000101220022002000010001012000002200044111100102222020222040000110211212200330440441102221100233040040441020112022230440401141114422023220404410410141112032204141104044100121311011144434411331013114044143334310131113304401143433100300030040441444300113300330040001130111001330000444401033301113330440000333030333310034030330000303001110343330300000011101333,
1122220020110220000211000200201022022202010020202010200200221011102202211220220214101220220212220020140121101112211032201401221101020011320004014401001111203200040114001001302223330044401011101333233000004111001331130203040040100101110132334400044441000031320344044040011103313230004400041040103132304040004414111031033344040404144101033000040404004413313033004040044011130330030344400040001330330033,
1100000010000220000201100100120000200202410001101220002202024010101012022200202240111000100211102200040001110402010112000401141444111002120004414414333112221020041414410113211202200014100110131220220000141440101301210022041440441013110102020440040043311011020200440433303001010220440004031031112202004000040310313332200300444044111330033330040440400331033003000400004403111033003044004400033133000033,
1000441112002200222211114401220220200200000411100200002220200004001220222020112211441010002002010110114110011120021112224411000101011221202204401110001011122200404001404012220200004004414440100220222240401410101011023300004014441010133323300044114011011003230311114414131003032033444044130311033000030404041330110030033040444043033310033300440404434411103000304033333434413330003343004444333311300033,
1100002220000002200211002202002200220222122211200022002002002100112222021111200021110000011122002200210011111001200002002000000001100220020201110011101102202020010100100010200220220010001001012220220241101101101114433340410101101001044340434101001311001034443314410043001111334330114114403334441134031440043403443044343341144334443330043433041443434030033344000404044433000304333344400033300003444403,
1100211002211110222211221210221202002000122012102112220200000100122202011022002241110140221100020020441011400200110200200441014111222110220040011040121110102220444101401210022200004001440002122112202034441111120110100222340404333111011330023303443410001003030030333434101110003030000343441010033033304440433411040433000033044331444044300330033434414000330333004443304403330030003344330333300033300033,
1114400021011112200210144220211002200222044110202122020020004000102112202211200040401121120111212220404202122010202210004042221121112020002004010011010022022203444111431011121220030401044310100111333000444013101010131303000400131101133310330440041130110113110000440431330010113033040044133411110333030400401443333011300344040010440343330003040444100400400330304040041440444330003044400044403330330033,
1111444220001002002200141122000112020002000411102222102220220441000102012200020000414401011122100200044104410100011102000114404110110010122001144110010111021102044041410110000201220040014100112220002040440040110010022023440040401011102022030000440011001222023000440401000100213330044004010101100103000040000100110111303304044441010333303030400004310113000330304000400333311113030344404440000333000333,
1111011111400002200204101000044220002202044011114402022200020404404411444220220240404404011020011220404000000102222012004044411110100111211140001404401110122200400114414100121020220401044144110022320044404000100122233203040440401011011302234004040011001110333240040444010130013022040040100011311132204400401001103003033004404011103113033030000441000131130330034440111011303330030040400100013300000333,
1110002000002222202200144020022201110220441440222012101220020441111000111002002040410001112220220020441040001212020000204111401012120200002214104411012112022000114404010121120022004404004101210122020004040040010010121333400400404101101013004440004040110113130000044040430000131030444044040330333133304040000443033111013000044044344113103103400444033301030131334440030300110311331340000330300033101113,
1100000020222200222211000020220000220002101111202002220221004044012202200111211040404410212200121220404400111001112211224011440010010121212040114440011000212012044411111011120122120401044441000220200040414111011101330220400140101013010302204001401013311103020344040100113303303003004411141311333033304404010433311000003040040444111010333300004040031330030030004440444330330300033340000400003033300303,
1110222000222000020210220202002002202202102202020120202202020100110201112200200201101002010012002202011010102211120220204001011120100000002004011010022111110220040011441112002220200401041410122202200204111411012112111333404441010120213330004004110101212223003344041410110100030303004004110011000030304440044411013300303040044011411030003000040044114130300030004404043043330333033340444333303000300303,
1102020002202000022201022202021022220020012000200211101120200122202111222221220022112021001111122023221110210222022133234204011221202201323340241411221021130220402414010011101303004224141010100113300040204010110110030333040440101011011003000440401010010103030340004044401011033003440404041011301330034400444111013111030300000414100103330330040441144400300033030440410400333030003344004000443000333303,
1104002220030333000201444020023332222020011422022203233202220441110200222330002000440100101120322202040401011122122300024400441010221122333240444011000001232032040000110011100322024400110010101330200000411410110133030220004014110101313302200404041001010010302000441414441101103203040411410100110132230400444131110011303304400041313333310303040044033311111333004004404444033331303344404000040301110033,
1001111200002202220211100002222002200022100111001002000222020000010111020002112014410100104220001120140110110042001122001441400111402221202001144044441112122022014044111331121002304104001013133331123044044101331113101223040441010101311211234040013101103312220340444131101103132023000041333103310332300044044403031103223000044004003013322333000040040333003330004444044040303300033340000400444033300003,
1010002000002200020211122220200002200222002100020200020220004221000202220002002240214442211022200220404142202100220220004041422011020333022204141111000223003330141440101112311110331414010401023300130011410114010113310330444144141011101103304004040413330113300000404404110033313000004000430103030103000040444333133111030000440003003313333033040044303311101303304440044031010111000340000043311000103333,
1010200000202332222210112220222202233300110121123333222323001010001200223330203004110110002202302233044100011100223002030041444100220223203004141101001203332233041441101112232202030441101012200220200300414101021112032230111401011101103323330444111310100103030000114003041011103000001444034410310330000014103440113330033344411443333011111330040014404431333330034044404040031111033340404004433330000003,
1101100022200000020201121100002002020222012200000200020220002210222022000202022022100202201112120220041120244401211102004410244222212212200040011402001223220222040141440011333311124441410440011011330240014411411001310330044411141110013131004400044440011103111000444110141033130333440041011410313300030000411004103100330300440441141031003030440434401013010000300404330411033300003344043033333030333003,
1112200112020002022211020222122202002200001101112110222200200001101022010001122200010001122022221102111010001011211122200100100110011020022001001110000013222002444400011111033111020040004033301131333204004041331110133002044400410133311003020430440101110310030300330401100103100330330334433330433303000444033440344400300000044334044334003330444000044040304030034004444004003343000340000040444000330033,
1114401011222002022201144111012020222000044114100212002002004040144422122200220040001242212102111202404412201121112121224004011012220220212040440011231112200100040040013333110222220400433311110010011004004401301010111011040040013300100013100000040130111331030304044401033301313303040400410301113130030440044003133131030300400040303030033303440400044433030300304404000004330330303040044400404433003033,
1000000222000200200212220000200012002002100022220000120220201000000022221202022010011122011212000220011001024011210220024010012241002122022241144404411122111200044104400100012120234401101440110122022300401101410101133323004000110131101300230044101101330100303000401144113111103030400444044013330333034440004040111031003300400044003133310000040000404433131133000440040040311133303344000000443013111033,
1014402222200020022211144111110200202200444114444022202200204001110000200201022004000011101112111202044400441100120100220040440440110212220004004330110121112120040443341001122211200433344010100100220240444344101110102022443043340101331221024030430331131110110240333443310333011011000440434103103030300444043444111330333040000430330010330003404400303003330033034044003003300303300344040003330300000033,
1110000444400200000201101111104220002222040100044422122200004441114400211220222200414411110101120000000410100010121211000444140030111202112040004044310002212220440440403110002121114430404413102201122033340403331010102200034404400301101200203404003330110112212034040443030010120122343344344311100111203430333440133330030234003043333100033022433303444301101303334303034330110113000340000330330000130003,
1022201020000000002211212111200022200200101112202220002022001001022000022202022041100202202200222000411021002203330002204212210212033033002042212102101110133002042121021130101303330401010200331331131140411012111331131311404401112101113311304041410021333030003041411000201313030330411410442011011300031404440440411013003314400404044401103300100000004040440403331444044040004044300044004404440040443333,
1111100000110002220202220110211211102202002021220222212200021110211220111220222000012221100012000020011101011022211102000100111010112210222044040140012210120020440404400121112220020044400001100102000244000441141012211112000000414441101231020000004104110012331104444401410311120331403330444433302230034000033330000333303340443040033330000300040434443003033033034404403330003030303340000430000000303033,
1330000022000200002213300330202002002020100303002020020220201003030020220202020010033033002020111220011130330111222121204401100301030212212040000111313333122100144441013311113302021401144313010312220211014400110013320020441140441101103322001144144400110111322311411100110010103323044010001311101032030004044413413303223300044004134443033322000400040433303030220004044044300333033344404044043000300303,
1000440010002000002211000401112202220002011004401012120200020001111444111020020244401041110001202220401104410222112202004001400100120120002004414442110022020020004410021102200202220404111212102111100040401001221112201200404104412122122002004041440121222112220040440001011311330333040044414010333130300403404040011011330040033304433011030330400300340030133300034400003333030030303340033300003333003033,
1122202220020210220211442200022202122002144003300211221212024111132221011201120244401332021000221220004101133111220221021411141031333332012214014411331110111020144404041131011002021001114441310000220201010414113010111112010104110311110300220110140113300330333344441144440330030000004044110400330300000004401100444303003004004044400040330333404404400400040030004404000004433433300344004444004433030333,
1020000022022002000211222102200202202222110021112002022200000011122102202333222200101022211123223330440001111010230223204400444100120223322040044000122220230020044014441011022300000041110410011332222211144410101010133013104140101011011133134441141101101313111340001441003313330003044404144413311030304004141111030110303340041100333033013300044033033003030130334404433003300301003340404430033003033303,
1112200000222002022244122022002200220200441002200200220020204001100222202020022204010111000220222002440101012220002000004041222241200202202200401111412112002200004400144411021112001114114110012200102244411410111010110102404004440001101011220004400010110110113144040401110010333311404434401011131111314003334403331300033040444033030001333030040404033033113030304440040030033311111340044400000000333033,
1102222020002220022210111102202200200220114444420221111120000411110002122220222044410012211102120020041444122100011202000011141002111022200011001411222112000220104442221110223333221042240440133320002044042441001013211102044224011101131122220424400130110133330000224033313311103030040240301330010303300442400413030013003300442444144333130000440024004403003300004422204033303300333040444044003000030033,
1022000010112000000211202021110120000002120022201222020222021222000221110220202201001110212202002000411010102212202002224011002201121111202244001112210000012000004410212011111022000040122111033003023040440201001133030333400044441011103300304004004001030030330344044004011133003303114404044410330000034411101403311303033011000011430100330300114444144311033033004411114411303000003340444011103330003303,
1001111001011200020211100001110122002022100111010010202220220001101001111200020004404011100002000200040444410111120020000401110441000202222004010104401110200000004400114010012022220400011010100020200004000101110111200202440444331011302002224040400333033302200003403334403003020030034303040033303323330343004404003002223033434400044403333303443440440403300000334030400440333033030343330040030003303303,
1110000022002033332201011110022002322203010222200200022302230011011220000233330304010122022220022230440110002102022133300040011221200021320340404012212220212233440401100121111223304044044101000133322200044141001110113302044114410110010110324414410110011100133001141110011010100330401401014111001330034440444140333110330340044111400313330033044000004403113030000404444000444100333044004004440440330303,
