1020020001020022202212202220112200020220120202021220022120201002100201022201200010221112011000212200011100122122202120220110222101220222112000011021221113001122000101212012331133034441220220123131330341012210122131313003411211101211103003300444410111210130330040411440002011303033400100411121130300030441104401100333003044104403444430003330411144334003404303030444043033334443300344004044444033030333,
1110444002002200002210011042220202000022140114002020020000204440144440220202220204044100220220223322404401002011133323020040411022012032222004044101101022230002444014201211102332220041142112221211311204014442211122213110044410221201123013304004144412133133133040404400121113311310404400441121311331114040004400221131301340400040033313313033000444043031330130304440040430311131030340400433300133330333,
1000112220200032002210011020202002322202122122000220223323021122111112022022333200110422202330222323044110402111323330230041444021033222302300441111012223323023040144101012033000230441110011123003333244000141022133303022004440411211013002020140404112101313323201100410001013133230414444114101114032304411114441100443003341444410401440433300411101110404440030300044001004430033003044404444404433300333,
1101021112222202020212111222211111022202122121011220221111221202210122122200020201020110021000220200010200222001022022230110220021110200300301011121212221223003000001211211144233031101012211011442230311011011001441110030001144101114113033304404041104143333003040440403344344043340440434334344344030400004330443303403344403334334434330444333030044430444033343300344334330400343400344404433033334443333,
1000220002222002020210222022200002200222110000200222020220001011112020202200200001002211212111112000011122112112222020224122120021002112022044021111201101220020404200041141122033330044404441401003000344041414114100133430401014014411001034334111044114101110343040101041141333030403044411144143343334330400001441114434433004044400401433434403004040443444434333030440404003303343003344000044003300403303,
1111144220222210002202224122020200122020042441110220110220224442201220201002020002242201202112111200442442011112220212220422402222210202211144041444441113221221014441100301223310210114110113101331112044414441131113133320004144010133311313024041004431131101143304010440331003331430444404044313034014300000400434334344403000044344343444333300040403330434330300330404030004433030003344400033333030333003,
1000222022020022022212220212020200202200102402122102202200201444011221120200222314222221121102332333411110012202220330234041011212200022322204400411001110232020040444101100102322000401110010101021322040414140141101113300414440441441033103034110041443410033030341444410031030303003401111411311300033030333444413113330330300443033113011030030440443343331103300304404344431133303003040403334011303030033,
1000202200111200222211222002022212020102011024422011220221204401124002112111102040411244222212220120404412224411120211204111210104122111212104442111440221022211330422441111212020220334042210021222022004304441233110110203044333412230110111230403443132330010222304344431332231100203034003010322301010030340433313003310133003440300303030011130430404333030033303304440440300333033000340044044444000003333,
1002222244411200200211114444242122022202040411112221122020220444014211122111112040004402221122002211400041400200120222024000414220111020002040114144220100200023400110411122122202230114440112111003302310114012221001030203110141114101110332301444101044400130023004111444004010302233040441440403133300300044011044431110330304043333340330303330043344044330303300004403344043030330333343303040330330000003,
1100222220200022002201110111122022202202004010002244440222324440111444220220333200401001114220203003440101441142022003330401114144142002222344000441141122202032004440044012111113334011401144122203313040114114142112330103414410141221213111004144114412112303020341401410112223332223040044110233322232330444140112322320303041401410013233203003411101141113233233034044014441332022203344044404003323333303,
1111044420002220202214001140222420002022040011144424244022120404444112424400021004001114104222202012040014401144100222120044140444100111121244404222401112222102300440424212211211123044044422212230202130000412121113312221344440121122103100313043331101122031133303343001322121130300034403303211131330330344003033313110303344334433001333013003434404044410301103304304044004110333303343440000041003000003,
1002200202020020220210020222022200020022102200000000222200201100222220020000002000100101020200222200441101110202220200224041100022203330202241140112110131222002414401122011133200000404414110013030220004111444111011331220444010114441131110230004144100101333133304440441141103000030040040400413103333034040440444131303003344404040033113303033000040444313313033000444000003131130000044004444431331033333,
1022022202332222022211022000222332332230011202220202232233304421024420042232200340211240222442333223422114402442202232034044411144222020220304400100114444211113400441001411112033314004404014441213311100040444140123111331444040414111233003304004000141001033030040044001441110103033040044010001011030330444000101103100300040404444413331033000440003030113003003334044433300313330300340404000333311303303,
1112222202002220222214144440222020020200044100020200022203220041110200222002302044101002232020333220401401002310022023024014411203112200230240104412331321222302044402121133021113220024422122032220130004422421111311110133400224103331313311314442041113113031133140042400101133003111044224040103130333000440434411331030303304044334133111300333004044343110303330004443334331333000033343304440330030000303,
1002220002202233200210020022201223223222110000200212332333201011112002211322300240102211122122332222414224411001203233304144414401122332220341401110001100023323041101411101222003234441044010121022322304114410101210333023414401110012111303324144100133120001331241041144431001103112410041404301110113324044440400333301033204030344400443110030043303400444003333030434333440033300300344034443333003300333,
1110020202022222000211211202022000002202021222020220000020220211102020000200202004210122200022202332042221103333020203020440210300303302032204033133300013222302404433130111330332001441031131010031322211411101301033310320441444013313113133324111044011131311302214444004440113031320100040400410030113021444044404111311332210440000001003023220140044404403303223000400404040433032033344400004404300333003,
1112222202002220202214410011222002000222140110111200020220000040110020222020220044410011220020220200400110121210200020220404141211120022200204440412002222020202000044011110010022000000411001001110200004440401101100102022400404414101110002024440441140100002220240040344431110023302000403300310333030334404303303330303303000443400300003000033443344003003300003004434434330330333303340003330300303000333,
1104222022222020002211440202000000200020101142122022202220224414441202240200020044114112044422000200014414444222022002001114111042202003322001440101110022203302441110121222002003220440101212111103322040401011212331013112400444122113101133124404414443130113113241400104331433311332014441043443443300330011413343333440330000010134404403343300444110334404443430034014444433333034033341113333444400300003,
1010000022211122110211100011211221021102000100102122120200120001011000211202111244410001110012212212400100011011002112204001000001101110120204401110010000112112440044101011110222214044401000103020000104003401100130222001400034031101332002224440343310113002020200403434303103222000440434343330033332304004434400033000233340440334303300222322040044303030302032324400040333003033323344004430003330302233,
1110222211002220000210411021101110200222104411022222102002004404010011112112202304404011222322202333404040012323323020034004401133322333233040011103111220323302410110130102020232224110001101000220233204444010101111202330141110101000212022321144410011012213032210411133310112230332014104443011033300301114404344033000003001444043344303333300441104003433404000300411444403444004433344000033334004443443,
1111144442220220202240044111220000022020404041010020220220220444044412200220020000400114112200200202040444110110200222020410414400012220002204104141100100200000041114411011000222200400010102212220200200404440112212120202004404401011121200020404433013130112000204333044133131220202044343343111333022204040430430313103333244044334303311103002404040430331313303020040044331113033030244404044331330030333,
1102000022222022020201120222000002020222021220022022220020112221111002001022221104200101122212011122024444411211221010234211111410122012022342224404010011122030404024040111000220334042440440101110111304422040113101013313040244410131010103304040400411313011003040400004031103101103044400443300033310034000440430333031103344044333403443133303404043034434431130000043303004434301303344430333033303300333,
1111100022224420022244400110024424222002040440111440220202024144110041112211102041411044401011221220441444114010112312020414011011010023020240140100101113232020401044411010333220204144044333311322022241040034101112333033411400331102223203221004003014123022333211400430141033323202104044434310322322200144040343112233023311434043433313303330043344433400300300030440333444003330003344000303333300300033,
1114222200202200002201144402002000202220104111102220222200001044410004020000222010401011140222000220140111001411120220021440101014412020220204044414411022444202040404104412242224334040004414114423243340411143414414133303404104431141101030304040111313110111033000401013133030333030330403313110303000300334443133113030330344434331301033033003440334011303000303030044343303033300030344403444333003003303,
1020202222202200000211022200444222020022012021102424002220020122112224244020000244110024420240022220441110004222000200000404011440002220002001444010040220022020111414104411112202220100141440401020033044110441111101001133401014143033110101134110111433011001313104440004331001113331040000441130333300110400440013330030333040444040440303033000440004440434430003300000040004433303303044444033333444433033,
1010000202000020002210101102220220220022101101200022002022021100112112020020202040110221020000002002401100110222020020024410100011102220020241401100100102000202114101101011102202201441100100122212202004014441110111202030004144010011022203030444004011003333033340404440333030003000440043334033033030300404043004003000303300044434044333303003444033444044000030304003304004000333033340030333344443300003,
1011110200000002220211000002222020220022112222200002220000220211110202112022220002214412221233302022442044111312223202020444114313120322202000114443313333203223001141130112223322334444110110100233033010404411441012103000140011014401101033001440014414110111300041441104013330303033411140440130313300304040440001431133033044044044414333103000004004040141311030030040040404111313300344400440444133030333,
1102002222201100022201122211110221222020012111222011212120200222212002212211120244004120002200012202440442111112111022024040422042213112002000414100422132220220004111444011332332000040441104412232023340404110141442333003440441001411121030330440141311441213030000041143314121110333440401431331223010304404334413310231130000443404131130331333440344413033330303000433004133000000300044303333033000003333,
1022002022022220202212022020021012022202111002220210110200220441101120112100220340101100201222102033401001002221211123304014401110111220200340104100113312220223401441113311011122030441140133101211202340441433141102221223441414431440103212300411404314111223123300444330114312231030033343034443330333004444330333343430003340034000000044300033040340440444033000304443440404430303030340034004433330330333,
1224444404222020222212420211440020220020114222110422022002021440112224202002020041114102422020020222440144424440220200110001422411400202020101141144101110202221401011401101012202104411014000010002211141444411011011111222114011411011300300221414414010133303333044144104030111300000044141444311333000304011143433303000333044014433444300330303040440443043003300034040334433433303003044400333033444303333,
1440020000000222200211422200220111200222114420222022221100020410020000011211022044112220101011221120404112021110002221220040011220011000020042444121110101111220442221210211222220220420212102221111120004044210111100330200004402113100103222000040333133111331133344044431030310133130440404344033010031300040434440311103311040443303043010111300404343304443333133004043444333340303303344000404443444000333,
1100220000002000020241102022202202220222421220020220110220004221014244211020020042011144221222200200401044111221110202220411141331201022200104441413311121121221000404011312222112210440400143011102202104404441431133111110004141044300130303330401011143111133003044410144113330300030430110401143003003030344004401403300033303344400444330333000044333340000303003004403400303330030033340444333303303033003,
1222000220022200022211021102002020022002102001122022002200021222012102022002022021202221020002200220211123012220020202024100133101111202202040441131310002111020440401133011102211224004130113101221002300141331130131112230411141331331312223334014441431110333003041000414330033400300414441143303043333434144044110333400444304104044144034440333441140040434433330004014440044333443433340011110003044044303,
1122002222000200022201022244402200222022114444224202202000000411220202002020220044412022021102022020040113332212222020200040011133100033332000411001133111110320004114033113330030234044041101110303320340004410100013033233400404101100103022234044101010111033303040441100103301130333040041144430333030300444104143343430330011141140404404430000444110443440434303304114440403334303303341040400030033303003,
1000222220202220022211101111022200220223100122022020220020330001120202022022220300001022100202330030010010111220022033300100010002102203003001000111122101330000010110222101113033330101411021133031113000114110213310101311000041013131101103314444140133110114334311141401113333444043000144004444434334034441140400333434340344001044003034443443004040404443400303300440404000434443303044044404004333433033,
1111222211111202202204010011220222002022044411011220200200020004012220200222202004401120201110000220044004100210222002000404441112100211120040004021220111210020404004121110112100200444042220113320222341404442113313220333410402211311123322304014002133122230332240144022130302322322401141011113332233030444111444034033203304040104004444332330004040040000300320000440004033303330333344044443003300300003,
1110000220001022202200110012220212211220044010111022100102024400110010122112202240001102222112102020044100111021121220024401114412120221122204010014121102122002404440114121101202200040001041220212023000400414012112102203440004440110122203330444000044011000222300004000401003033330404440044011130003034400400004013303303340040004444030030003000444400033030330304440003333030330033344044430000330330003,
1002022111022200022211200212120200220220102022120202020220001022001212202202000001111102121111002022404400121122212220024404001022112211202240440011022000110200041104010021112222004401444011010133303344011411011013013030004041141010101113304440441411011101010340040440113343333133000443333313430111300044344400334030003004033043444433300003043303433043443033030400333044033403303344330344404334003003,
1000011002000000022210440122220202200200110411011022202002000144001100020220002244111010111011022020441410001121122202200044011100222111100204404410202002222102400040102211110211224004410102201220221140400131001122332233404401310112133020234044313110122303332304003103333232330023044433304443322233323043444404043320323203334000040342330223444304404033403223334334440444434332200043033000000340033333,
1120200220222220000212220220020000020022112022022200002200024011021112000020200240110002211111202220044100221222233333200440112010111002223014110102113311002230114141021311022200331441410223011230003004144011131012333303041114013111232222334044140133012333020344040433103323003022404004431303313033024044403311131333032200040440044111311300044004044044131131330404044044113300313344000000041330333003,
1110002222200000000214010100000200200222104111211112002002004044421210020022202040402212211220000020040420120220022200220444001022111332202000004410212123030202000044011221223332220400401011102230200004000411000133222330440044144011133320331400404410100102322310404140110111323330144401101101332232001141101100001133222004141100033331323323041444004030033230030411404440033002330344000040003330020033,
1022022022220022202211122022001102200222144110202221100220004401110002122220221140444011021321111211004040103331122221220004041331131200010204441412221310211122040111212113332223030044442112222230233300040010101101333222044000101010100302334040441001101332233240404410100113322322404040101100132032334004000101100033320340444011043333003203040040011400030303300404044404443033303044400004403333030033,
1112220002000201002201021120211102211002010211222121002212024011001112221111220240011100102022220220401400101001020020004014441121112111222041140010212220120020044144122211110223330441014111222100203241414110110100302032411444110011103302234440404411010113322300043041103033320203440443401330323220034044034331332223330304033303032203033030440040334302233000304044440443303030003040000044030330300033,
1111220011222020000201221122212002220002002211224120020022020001014422111102202244111414421222020001340144111221110022213400040121100112200134044040212222211110433404442110011222204344334320011000230043004431121101110333403440331010101013004333434311001010113304343341301113333303044404443333011111330000403344403303330004404034044033300330400443344003000030034004004044330003300344404444000330330333,
1110022202022200022210202020222020200220102221111200202220000101120220000211211101012220221110101210411021100201011312004101120101010003122040010211101011133320400112210111011022334040210001000033203304442101101111302003000421101122013320300440401041022002333004044044043002222030040404403433330302230433340033444003332303434344033040003233004443433003333302034400344344404000333044403334400444400033,
1044104422002033322211411144220020300200114414110233220332000011444120232332302200011411222332233202444141033332223222024000412222201033200204440101101110300220040001100013303220200411140111013322002240144010011013203330440044101001123303304004041010112223000340444012110212030000040040121222101303330444042220111010300304222444422401113003404402222444044330304404440404004403033344000044403333300003,
1222100022020202200211021202020222002022011212022020002020202221222022030220202004211100002333220202444212220222323322020402211110232233220200412104011132111012444114444331320101120041410111310301333001144101101333133113014410100313111101030100441333113330113340004414434131303303444404143444111330300000401433334103003304004441014433303030440004011104330333034040404444404444300340444000000333330333,
1110011222002200202204100010200022202020401001120222000220224401102220202202020040441202002002200202400411002202002002020441001223322200220204014411113320220020044104044411330200224114144114111332202340444011013331311123000400100131111001134000444141033301033040004411413103111030433333444131030310334404443333111033330000440344113333000030040334401311130330304440340413313033003340033044433033030003,
1102202220002220222210200020200020000200112222000222022020002211444402002202220002111400020020200200022041111020002220224411441221111120022204010422022222102000440114011101111220200044411413130002022204144144131033021120041114413311333113020400411141310113332204044410433313303002040400044431130303330040444033110303030044404004430013030300333343344330100030334444303334111033300340333344433333003033,
1110000102200222002211002221112022000220001021212022002220200410111220111122020344112122022222111203400122002111101002030442112221000010223304021011201111020322044011221222100233324022221220110222443244402011011444043323004041011014334433034404010001043440303340440101114043330000400441010443440330330440010014334330003004440011143433030330333344444344304330004444333334334443033343334440444400430303,
1021111122020333022211122222002222320220102111102203330220002224010112022300220240424001022023220022404244411000203220004042400001112032332204420444404102332220222440401441422233324044011104144200332240400110141111011132400410441130001103334044110401133333113041144104433110103303041014433431311030334441114034113311303004141443344003003030411441344333303303004014413344300330033344400113304444300003,
1111122200222333222202222120221022030332404201200212332032204440211022120322332000042101110222322322044420000110111332000040244014410113322204020244114110022320042220041411011223324402044044401330230204044414141110331132404011041010330313324041101410010300113240400414110103013030044004114411131133034004440441433110130340000040014033011303404404404111303330034004044040430303033040044004440333030333,
1220220222111222200211220202112100200222411202021122220000024421111022110022222004021201212112000002004222011121222022024441102222100202220200410101101113200033440101011130132220030404110003300132030304401011131111033303401440013133031300304111444131303331103040141110313444300330404410444103434443030440101141033343343300040110404044333403111444411440444043034441111410440004433040400044440033333033,
1220000002302033030211022222023322233222011001112223023232000401101011123332232244411020222244323332040010220404044203030041011224442220203344411414420244223303411440114222424443030144144414004224033001141014141112233110004140141140133313110441411101401001333044014344104101111030004143441041133333034443434310110111113300430433110013333033003344443311131003000444333340303111030044000444403330100333,
1111222002200222022204412002221220000200442211201012002202000242011102122012202022422020122102120020244402201211121002224220444211410210200042204012144422122120443340114111012211220034044144110111212244033044114410012211043300041011133321314434444011331003213003403043331331131133034033344311101133130344344404310331031003434333443033130310043344404403031303104443004003331113303340044400031130030333,
1444222022200333002211144212002133223002144112122021112233220410110233333123323041110102111113322203441410112202222323334044414102203323322311141141202330022232404144012003032030324441144211100322303200014141001013323032004441011010130033020040011010011033022004044444101010300202440011110011013322320440004444110112333200044400040011223002004040444044043323000400404004440433230044440040000044322333,
1222000220202200322211202220202002233220110002020022202320020011120222000032220204401120020033323333004222111002322322220442001010022023300240044440011202232220411111411012333223004044041100113111330314400410133313310303140444001011130103031040001011310133303341444010101311313000411141110413331303001444100440103113030011411144001103103300014014040003130030004404444044431333033344400004403331111033,
1122111102022220200201112222202020022002122210104222002202221112111442002211200000100441400222112220114440412221112211201410404102132221220204114041020333111202041004010011113312020404444011313303023304000110113313131033400441410131101311134440014100110111333100404141114033303011440440404440030030104044040403430300033004000444333430300033440333334344343300304044400444044030330040440000400000300333,
1100000022022022002210022022020202000220100220202200022220201002022111222000020101101112010120220201441440120011202202214114441220221110202140411142122000222112044414410211110021020040141110201000112204114101012101110333041141101121101103030434441101121003303004433344300010133033403444303011011300004434333433311310333343340434411303330003404344434333300300300443403340000330033344040330333330333003,
1200222000022202220212220202022000202022111442022022202200224401400202000220220004010442420010002002440114244211100220200041442242210220022200401042211211200020044011440112022000004041411401011102222240114441101010111110401411141013103300004014444110130330333040411010011030303003044104441033300030000411404411103000033304044003333303000033004044000000033330000440033003333000033344044433303003330303,
1100220011112220022201102020202212020220001220220221121220024421330223200112002204211133321110120002442213110210102022202244330111022221202024403033001000111202040444433311110102020000040111333312220244444001131011110012000004430333000011120004443334430330102104403344404031330121043303443340313111210434330334333113012104044403044403332201004040400433300302224440004340330300333340004443330033330003,
1223320203220022000210023222333220020222102223332223333200201102422232022202020204114230320002202202441142032333331122020414113330111012102041441003113100221120414011013331022001224114001031133300102041044413110013111200400004131011131332220444401331010133233200400010010011132233040440011133310033030440444003311303330000440004111413300033440040040444130300034400404440400343330340444000040444430003,
1444022111100222000214002202222112120222104412020112101123321440110101121122220314041211100222100333411412212220011203224411202200220212223242122110111022200232422112101330121220300420121013110012203004011201013111012030444221110130301103030024444101303110330044400040110330033030440040004013030003330044404440110330003000040040001133033303444044044403111330334000404433433330030340004400033444433303,
1022200202221112200211220000221122020222110022220001020210200011140200112211120044144111112211221200401042222211022022204004404441010202000004400401440110120220404004011010011220224044041100110102020040000400110100100222044004001331011033320404404010301130303004040444103130130000041111414431331333031144441133113113003311040044333103300330444004401113303330004004040441330300030040444004440303303333,
1100002002220220200201000022202000022202012222000200022020220100111112222022002000110022210000200212001022022111010222120011024442210120021211001224020011200012011014411221222111024444114111021102213300041414431210112133044044111312210112234044041431121141223004043404312114421133040333443422343333130434440034422344031304334344344333443010040343044334343030330044333430344430330344404443303303303033,
1112220000021202200210120022200212000222040110020222120220200441120211112202220042421220222210200020402221200211122000224402411144412202020204204144111011122202422444141001130133304442221010333311330000404414011110331110440441141001030331334004144410100303033040401101441113300303004001104443130330030044000403310030300300404444031110303303440400004341033300034044400444303000333044040440043330330033,
1224202202220000222212242020201220220002114222002111022022200144402220121020220044100404122212023022441114441211120333020014410011220221302244404110122002012333400114110211111222304331044011222220203034414411410101111300334403141101133313304434311430110131013044303304340311031131043303443403110313113344443344430333033133040330300330003300044043033330033000330404440044033030003044004044403330330033,
1112110022220022002201211022000000220002012222020222220020221011000220111022220014410220441002000020144110224101022332221040011141110223303204004114102220323223044410041440203223331114144411442333230004414010141101202033440440114413112203304011410114131032230000114114401310333130044414440103010311304041110041003111013040401440413333100330040440404100103330030440404041001330000344044040401110000333,
1010000022110222022211144444222120020020444111100112110200200040100110121100220000400101141220222022040011014442020000024444104411102200002211114404100232202200400440141012330002200404011101023033332004404133310201132202004044403102101133320040004031101331331204044404433110331112444000443031011310000404440433130331333340404033431113111003444040434313033100300004044331333000033044440440111303333033,
1002022202220022200210222011121211120002111202222111001200220421020112222200220204211114444400222020442220411120220332204111114110022030020014400444011020333020140440004410122232231441440404110223220310111414144013331023010141141011113112230144410411333311332311141411414410303332444114014411133302223440341134010032230043343440334333033330443430330334433000034344330344434003300343330033043330330333,
1111222002200200002210221200002202220002442410222002020000020424110220200020020214040100022200200220140400102112002220201040441112202200002001400441011112033302014110404010220032224141441444410020320041414441101102222330441411141011011111300114441011001000303344401410400110330300004111444011333033330040140143001003000004044401131110330333440040441333100330034044033331113330033040440300010130300333,
1111002222022200200214401111202211222002440004121111212002220044400122002202200040400441222002202002404004011002200202020400441012212002220204440111211023333020040040122110200302220044404421011111332040040441441003033200404004014411130302034044004111313130320340400040331031333203404004430311331102330400040311311310332204404043133031133302044044431130333111320004033444403003133044443303333303331033,
1111333222223320002210441223333322233020004411220211302330204111410122123332232040444101212220322232400040102111202303304044001112200223032240404441212111230220044040402110112332024004000412110332202244041114122213302002040410141011103220334044010410100300333004004100100103331001041141110311131001114401144443013111130140044104033033033310040441400343033031110440414404430003030344000104433303330333,
1111100222020002002200220102112220022022002001021112020022020020010022211222002020202112211211202223220222210112221020034420040110023312021344224441331013122213042333413311131011134244443311330301033002400043311310311300420440443101103133034244040443113133103344224440133310031130424224001311131133130244424411331330331302422204013133030311442444244031110301334024004004440103313044040444000440030133,
1010420000000000002211144220222022220220044140221211200000200401120112110222220044011211212220000020004421002022333330224404010022332220133244040111233000211132000422221103002012204040004413331111002344404440131131301223000401101010331110334404401141103133130040440444100131330333400000141101103030300000001410113303330004444011443313003030400404441441130300304400404011410303003344044040440100033303,
1002020100020002220211122211102200020022412111210220200200224221012220112220020024401010211020000200224410110122011112204204141102111222202044401400112210020203004014044122120022234411041141100222023344011414140100211322404440141101011131200000441410111033312004441140133331113123400404440031133103334404040033131330030004000040303330303033400444403303030333034440000404003303000340000004440330003303,
1002022232220332022210222033323233222002100202222333223020021020000020112232022010201002011021322020012211120101113230224111441220000132333040141020201110032030414412211100133322034140112114441003422341041212041103342030144422111141113422231422112200440334203341441224044144430330411411044110343330034440441041413430003301144111414133033300011414141441303300330441144411410300003344401000010003333003,
1122200222220224002201424220100022442020014240221400242200224140444114404442220040141114404404044422401410140100221114224011440441112122224240144041010221211140044110411011101210424400144010001102004204001141011100122024004444111011301202223343301001033311133234303300111311333020343440330131133002224434403033310103202040340330003031332000044004033003013322200404440303333102333344000403300001022203,
1011112222200000000210444011400222002202101141044402020220221101411142202002012000141444020022201112001114042211200101224440411041120111202204044114410222212200040440140011111220000000040111022221022240444401001021021200440000413310110112020440044430110110102233000400330103331032304440444433303133303443303333443111003043033344434431333303433440433433030300034434043344303330333040440430033030030033,
1112202000022202202201122022220232023222444102000020332233000041022112222303223044010021211132333230420120212101222132334201220222120021130342221220411121103330244011114102221113112044404410111122313320001404100122333111200014401110122030012400140440011033033304441410401101300033004041114400103033000000401010111030303300444044110413003030440004414144433300330400041144040003030044011141443333303333,
1144400022200033020211400010220200033222414001121122022223304411101101022323020304010220022002333233404100222020020322234400110000211222333240440102202011332232400411012201013302020404401202113301122004411012112133101003441440113121301311030114410131231113001340104133312333033113410401044334430031034144410403004033033041140104030443303303404110040340003030330441144044430300030344044400004333003303,
1111001111100010220201001102222022110202002221112002221202024402020211100122020204020222011221122002044011112221222112204004104012111012112044040041112210120022400404441211211222004004011142210331332204040100441133313232444041004433101322320004404400111033233344404404401000323222400400404101003233304044044411013302030304004041101113020030040040333030033030300400443003333003303044040430000000330033,
1120222220022000022211224440022202200202414400420001022200204414422200212110222204104200222120110000401124441021222102004401222411121112202041121104100221221222001221104111220210200011214441013333311144440211401311111331004022141111003303314404421400301013030000404014033111033030440044040030101113300444000400300333130340000000440300310303404440440433303110304044044044030300133344000043333003333003,
1112220220002202222212212002022202200000120102020221112020002201220200112202022200010220200012020202010100112011100220301110112122102220233314404121210100203230041411220011102022234414421111013111023301414210441031101003414111040011300110304141000404143311033341440444041444331113401140004440333133300441430333330011300344044330004003103003433343304440333303300444344404044444003344003344000000333303,
1122201111011002200211020222221122020222101111100022120000204000040101211202220044400401112212022003400444002211002002030442022020210220023344002202212100202230040421211121002323234040012221201103332340411021101113122233404011010103331203030440101101131112133033044404413103311033033440440103301103000443334044333000133340444033330003111300400004004444433330304404044403330444433040444004030033333033,
1102200222200202002201021220200222020002010212200112102220020100112011011200000240110233131012202220444122233111220220020041121113121330022004044101130211322022040041443332223020020444014011133132202040004141414313033320400041414143131300234404441144111313002340400014014441103323004440444111441033030004040413143333030304400403133343400030404404333113444300304404043011303003303344000403303330003303,
1200222440000012220212220424020022120022114204242222021020201444244244111210202041422402241002122200411120402201112111224041444201100120102244041142110001210020004411121011102111000441042101301121221140014421333122122010444140213111211120110041402113123313320044040333013313312220440444303133103112000000403031313303102204440404331130032202400404443443033300224404003044333000330044004433330030000333,
1440044402000000020214044024022202220222114404212020220020000140022122111002220204111021022110002002041401122012222202224414010220111000200004044112022212002222404042211111022203004040021040441213230040402214441111032333404401140103303332224000444101113110032004433341313313133302040303433001131310320440343300113310113200044400333311311332044004003444313323200404404443433033223044044044333033003333,
1102201112220020222201022122100022220002012011200202000022202122212202022020220022111200222020220030200012200112010200334444102211021112033041110110122210203200044401122111222332330404041211002012323040404101001111223233404041011101023223224404410140001331133304004104401113311003004401441010011333300044040111003313000300400404103331303303040444040300113003030440004443331033300344044400031133000303,
1401022200200020222214111212022200200200140101102020002220001144112022022200022244110222022120202200040112110111200200224041412222210202032240444101011222023332440001010112111220304040010101033310030000440100101113130330440440111103113330300441044000133313103000011441101113111003044104141100143000334040111444410403003340440441133334433300400044041344434340334044040444304334443040440004033334334033,
1122020222002002002212200202002020020220110222002202220202000010002202211112200200100020020022211222001020220020220012000012220022220111202200102404411110312022110114404133330122001101104040111133323344410111413133113303401440141133111011334111401441100301330104104404100103310311004401114401133113310440004440441103311300400403304440331103000444330333330303334440040030000030300040400033330033303333,
1120002022200202000201221222020222020022112111244202002200202212120140044202002042122211044022002202421100211442200220024010111040400200022214444104401112222000140101440011211102001041141111022231223314441410401210312203104144414410111330030101110414110310303011144404114103033030444040440110130003300040340400031313003000433400333313103300440434430011313330304044434333113110003344004330030333000033,
1404410002000112022211411100021112220220104100000220102020001440111112110200200041110022211222302220412022112202003300004122021001202223300340121201102023200333401112011222033330032442211010333000033024202211010330333030244042010131030030334224442011313300300044422420101113300030420242200333310300302220400100111103303002444041110444403030442004401440004030304422440444000403030040202222200444403333,
1110200220200222230201102220202220332332104110200020330332221444110222023322233310401011221220232320100440011010223330321004011010111322223240441122210022002032401144442111122202320411400212222100223244001412210111013223404414121110310133034044141121333011313304001401241030313130044404101411133311030400401114441003000340044404411333003330000411444143030030004440041114403000303340404441440033330333,
1100002211102211100211100020220111212222000111224220012200000440011444200122111104011041100222112220044114001022001002003304440110112110020003040044010222211020330343440111101122204433433413300101200004303343313111100222403440403113330123324443404033112111233240334043013223012323003040430133233332220444040341233222202044034443412223333200004343344102322303330043300040333200300344400333330032033303,
1122202222200002022201120200000202222020001002202200111000201101102200222100220201011144220221022002114004142101122020224444041421122202020000004010210000220222444040121211101111024040401222001100310304044121110100333030444011210011113113334000142101033313103004044410110311133003040401110113100133034440441044043331110300044044404433033330000404000333440000304440333330344030330044044444003033330333,
1010440222000022200211144220202000002022444111202022200020221041122000002022020011142102222202202222104421100000112111000440212200110112210040102122111012220211401112110222200032214144122112111113302241140121213333313200414401122100111132230410441121110003233304144422140311333003441022441403113003004014204044433344330004042443033400443033040440303434443030030404303334334033030344003300044404330303,
1022222020000022202210000002220222002020120222202022302202201220244202003322233210220442022223033222011442223333323030200114333320202230330241441111222113330032441140121110110033334001440100110133101100110441110010311101444043314000103310014000434440111011333040434433410001011331044334330011110131114043434433000000310040404404033303303011000440443040330330314440043334443000033344040444404044444003,
1222012222020002332212021121102220203220101022122200002033201012221210220022023010111012102000202230012222211220000020330110111221022200200300101121131020220330001002210311211220331101020113311311200311010122211331223330444101110131111234440401101411330302340004104400444433344330411104440430030334304440400040333433043004044000403044430430404400444044333443004400433334430334033344004444033330044003,
1110042444000011120200114442042222021222110414122242002221110104111002441121122201140041111101122302100400400444101323021004004443111133232011104403313330032322000440113111033230320004001100101322303244400014110133233023004404401001003032234000444010111033223340040000140003233020044400044403332203220040040402223233332204044440323322200230040003303033023222330400030333030030020344000330000033322003,
