1104222202200002222201444011220222200000011400121110200000000041101213220020022001441102132022202022111410113320200222024441041131211111210041114013101233001110044144431112322201004410400130223223333340140441032023320002041440410333203222020414044113222330232204040014223332220303044044144424324233034001441140343444030341011410143343333003411011411433440030304010444104443433033040004001000334033033,
1114440010100002222214411110111222200000144001010002000222000114444111102000020011411010032220000200044410111302022220220140110133202002022001144033112220332333410441331110022330034414011134422202220341114144433003332230141444134343323233301441141343343232032214110013344433222020141010134334223332204144101443334220330041141104300440202033404401343344044222034001133303304040202340011030044440440223,
1114401110111102222244114401010222200000404411104111200222000144141444121111202001114441110210002122410004010022011011124044400100202211012044041110111112010222033411013330021011114443333111033233301043344410413323223233434344144034322232230343114434443333223300431400340344223322044314433343344223024303004040330420233243303040434042223203430333044344402332034000303343322202223340000033303202000003,
1010000102222002222210110011101102201110101011010112221102201000110001211101002210000011102210211002011010120122122022200101101222112122002001010102112221000020010001110120112222024011001011022211020244011101003232133020404343110133233303224043431101033044432004434340113003340320043443440133030403024033344344330330432240344333444040034432430403043334433304304304403403443430403043330334443333444033,
1111001110111002222210001101001222200000011011000010200222200110101111000200000200010100102222022202011101440110002022024401014401002221001140400140011212011101004441044041002221014041144344111221122244044140343310121112404041443033011200020440410030301122202004034140330330330220043304440430330322004003343044300303302243344330043000322020430403430430033332234334434300303022233340033443330333202003,
1010000100010002222211100011101102200000000110010112220222200401100010211120100244401001102122211202041101001122002122124141411100211112201041444100111200100010040010441022110222100444114412022111221040041414033312021122044014114330322201020434441440003000211204033344030332222323043444334300303333234333434343330300222340304343440003303303400403443403303300034044034030330300333040044003330303300033,
1011331113300002222210131133303222200000113312232230002002001221122320222202220021122332211210200211211243201121112010112144433010212221112204114003312211101221404111033102101221114440001131112221220100044413133323212020040440131302321302200440041313223233220204040403102232030332040404031403320303224044044044344330330340400004403334330033400400400403444300034044404004443340333040040044400403344433,
1004422111000002222211144221210222200000144111122200200022204144122120220002020041014421121202220000410142201102200202224101201144110200003214412211104102022232140144404441123332231440440041142232233001140004010313222322041404443103133332200404400431333111232004040040331113312302044040440303113123024000400440334033132240004440043343111303400400040404430131334044404404433303310340040004404000331103,
1020000002233332222212201111023222233303120013332233200303031022010033220330300310211122332233033303012122022232022230034112204444200202033044121114002220333030401011014442330030330441044404402220300044011414113300230300404141114123332303300041401011322233003304404101003320230000040441411133202030034040044144443020303340444144113332203003410141114114310330304101141040144130033341101400444111333003,
1000000022200002222211022210020022210000010200111202201110200100221020211101022200111201112012222020000112212122211200000110011222111210000000114412112222000220000144102203002220224440041020303302200240044141223313330323404041010031311033230040414110313113323004404141011133302230040404440040100323334004400044441103022240404414000110030333404001144410330303304040414104111303000340404441114413303333,
1011101001011102222211010111011001233000011000100102222323321001110001233302223211410011102223002332444100110110203332020400133310120202322000441111311202223233004422041322333323334042244013202232220044044240123333033233404042441220230323300440422212203233223004004044213332223220040404402111320333004004040422122330303340044004200121330330400404044411210300004040444000101110333040440404441333330033,
1111020001222202222230212220011000200000312212022212222000003112111200211002020031012012002201022202031112211112111000223331024413321222000203002244311121220220403300433312221111224430333444120022220240334343433111112120040443434330032211200404344303433331122204043043343011133111044033344433301133014003440343413133130143033344034111311030433434340344404110304034443443000440013340000033030044011103,
1011444111000002222211441101000222200000104110001111020000021441011010222022220241144100211120000202410411012210202220204114401112120220022240411101212221333320004441122111211222321111144113121220233200044001143322232323044044401403330302230400000444300033223304004040003300030322040040444043300033324000440404340300003240004000443443333000400400404434344003334004004400303343300340444004403033033003,
1101112022211112222211100022121222201110000111121110020101001100012100222011101100100221111220001001011100100221011101100010111202014441001100001222021110410101440202000202211444404022202220211141111144244424022344303330224204240233343033432442240402344333444324242244042340443433042444204443443030034024222404330340333042400024403033400003424422024403344033034204202220444343030342002202004403330033,
1144400022000002222214010010200222203300140101112200233303001441101011220322233041144100220222322003441401112020033303334114410220220222200304410411110223002330044111212220023300334112212211111233222341144211033222323232414142211323332232324041442143344302203204411144404343111032041404141443313330304014041144331144330040110444111131440430410101104033330404304110110044400040443040101000400444400433,
1000001101101112222211110110110222211100000010001012111012201110111001112010202200101001100120122202110100011022210112101011101010000222211011014411211111020221044044131220022002014400401311022200220140040443413030220021040440443130332220200440404030330330022204004004330300033000040004043030333030004044043444330300300040040433303303003000404404404344303003334000400444333033000340004440403003303303,
1110001112200002222200110001220222200000002011121112000222001122121211211111022011212221202244401133001110211142242221030001044410144242211311101411441112444330144014104412224222234411101041444423230341040414013334233223140444040113322232031441104401322303220314141140103223330032141444041133322233324141140441122302023241441044303203302220410404003033303302004040444033030300333340440400300033300003,
1110001122012202222244110001121110200000044011102212222000204011011011211100022244100001012221222020401140410110201200000440444133220112000044040001032212202220433444013302102200203304033311102002002040304034331222202200043440343313030220200434344431313330202304343333413300320223044304044103310302334003440441101103230040030440140110332333404340011440012322034043444014011122333040443340140001200033,
1100110002200002222201011011020222200000011444102200002022204441101100222200020040001100111200022020044401001120202202220404101100222020002000401441110002022202044414440011220002324040100044012022023040041444043120222332040441403431333032220440414034331033232004004104313013103300040001043311131303304004040444333113300340440440331310133103400440440313113111034040303343311030010340443303300033300003,
1111444044222202222201441404011100200000004411444102222022000001011401211100022000111441142210222000010144011421212002220140400144211120020201440444111222022000010414114411202200004441141441432002022040414140413002202022041441410132220223020414414101331332232004400441010313133323040040011031133122334000444041333111233240040040411131003222400444044133133332304004000404331122233340004440443113333003,
1111001112200002222201001000120222201111001011110221112100000111003311122211122200103033102211222112010333001200220221121130303031113201100010300133313132212222443001101333110200204030110113111222000044344441143331202220334040144433433302023441001143443443020234011101144334430032040144100433404033324044141113444304043040441433134333340403400010430334044404034000144330340000440340001040004440440033,
1110000022211112222200110000211222200000444011102101112022104004411011222202211104044001221120211222440004412012022211204044404122122020012000411441102211111200404101144111222002224410010044122302200240144114141332322333044040444143133320330400440401331113030004040040411131313303040440404403303113034044044344334431030343303043334443313030430333030433301330334300303034443111311340000033340030101103,
1011101011110002222210010111000222200000101012122200020202221011122020222022200012222111240022020220011101224442002020220112212240222022200212212211044423333220120111011422422223200210144414222444232211144104413332434030140441110144334343300404014011434433303304404441310343444300040040010313433433304004044103133003030340040041131103333033400404404301300003034004400443133033030040000044003303330333,
1444000020200002222211404440222000200000110041144402222002200010011404233300020000111440402322202200010104404422332000201144111114423320222010414440411422333320044111404012202222331110014044102000233010144414141333230230014144144132332322230141114401132233320311410411413323222333044004104103133220224000444144131133020240040001401131102202404441011101333220204014111000310030022241110101113333033333,
1111000110110002222210001011201222200000000010122211002002220000110021222200000201110122111020002220010012122102022020200011121110222122000200144410012111121112444141444112220122124141411441122111021201141440142333133220141440441220033033021441404012333003230214014004120030333222040100041430300303004101400404330330330341104404403000303303414004400430303000334044400404033030000040004044044433033333,
1000000020233332222211102110222002233330100121221112220322200101212140200022323011011221402233223330010121104420330200031440221114211311111314224204411211300333144244244112213330001224402401220311311101100420421330311301041144204233033133310404404442323033130304400422022031111013040004242003334031114044042422202433331040040440240224211130400440044422442101304040044004042220003340440044004443333303,
1111220220220002222244412022022022200000140010010202200200001040110111200222000014440110412002000222104144411422202220201011104104440202202001014141142222111000014441144111012102200140010444011222202231044140303321311120341140403343113112123414404033433113321234400443043110331112340333044433330322214343030043444031211143444030033344311221433030330344303312204003330334403003003040003000043330003333,
1113301112220002222201003212022022200000010332122102210202221010032111200122202010103331332221020000101003031111212002220014443310221222200210104131333211000220110141110322122220224441144403112111200244011414113322213233004041114113324302030040401041343443222304404101443343330332040441414133444030324040114114443040322240441441343334003000400441103430444330304001101133033340433040011001303344044433,
1100001122201002222211100001202111203330000111101112222100304044140101211011103240440441012211013322400044012212210332024000004120211223222004440441202211223202040414121122002033324011141213111102223244144114113301223323414141444034333303234141441404334443222311410110344430423002044144113433324232224114414033443422300241140144434344023220404141113033442032304041440033032223033040404044330323330033,
1001112220011112222210001021201222211000101101110211002012221011010222012201000210001012002221112220011011103203022212020111002232333002121200441220322322020111004412123232221110104400112223111121000044044120131034310110404040111133343010110040440433434333101004400044343444111001040004043433433001014044040434343330110140404443443444011333404403033343333300034000433003400444333040044433004443330033,
1112001110100002222201221101011122200110010211222212211110100010221111211222020044102210002212020220441110211120110022000040012101202211100044400110120202122220400441011122022111200044010221220033330200404011223133222302040441411233130232220404414414311332003304400441413132233323040040014113332203234040444140134033232240404001441043322230404004410144430320304040040441133443023340000440411444333223,
1002022211101102222210222012122110200000120201112202222020001211221020211102220012110221112220111200012211412211212120220110144120221122202201011414110222130000014440141120033322224411411141222322002344011444132332223203404101111233033332300040000401303002223000404404010333303330044040444110444304034004401114104043343340401014143333343403404411040444004434304004411440004404433040000004004443333033,
1001110110011112222211100001011002211100100110110102221201220100110001200112220211101000012001011202010001111020222210200000000100220201222011100110111023111020110110001210232221104411011101222320211040144143113032021222043341431333220223220434404313422022030004433443343333303330040343344404400300034033433043443033330343044434334333040030434003043034304440334340033440344404044343444033403334004443,
1112220000111332222200112022201033233300114411112212222302221044122211211112333210114110112220222332011441021212110232200014011222112113332001004020441020100322114440224412233330000140002241312322223344044404210332033303404040442133223320334040422441322322230004400242212333002300040442442210030333004000404044111030003040044040414410303330404004004141433030004040044040111030000040444044044133033333,
1001101100101112222210110011011102244400110014441012220222401011141110211120024401004010002214222040010444011142244424020100411001244224042201041142212224404442014414422212444222201014411144442224442010111411411323242403141004041103033222031404440431333133233304400044131111023222040400401303322232334004040113303332320340040441030320233033400400441133322223004000440010113033033340004400113303330003,
1000220222233332222211120221110222233030012211100112003003334012010222012033322344100102021120003020401112211122233300220440011212111303220344044414421332220223404004140223332202030444141442422233333000404141142233222003040441441433323230330404044114102232033004040014411220302220044040144110303320324000441040333310333240404014110101130032404040141011101331034044044113013313110340000440033303311333,
1100001220222002222201101112002002200000010010002202220220000011022020230033220002211202202333033230112212241122232223331101211141110232202210112101442222330022000144441113332222004441041101311111211141144044413032221201414044044313311112010440434111330030222004330344131133330302043033344301004233224033004303310343233243003343303003432223430443433403334302034340434404044403000343404400444004030033,
1000040110003332222210011441220222233030101101412033323323331000111422322322202010001444112233200222011104014424443333204414111134422440300044144433342223330333114111344333323300301441031343222202223011414313413330202323041443114132302320230404431411032223022304400444103303330203040440040103322020034044044041110332220240400404440101333202400404404010111013224004000404110101133040044400441100110033,
1101100020202202222201101001222333200000010110111332222022001010030133233333020010111333112220000220101441131120022220000100401131020002000001041441332202200222014441441132202220220140011101233343320001044441413314302202104040144100143220021140041440111430022214400411040344330030040044413443334033304004001433443040003040044414330344430003400004110033303300334040401303030330030340444003330000033303,
1001102211011112222211011221211222210000110221112200211122200012210020221222000000111011111211022020010101220022121112221110012022112122202041004102202221122002404441120020022002224040222111011123332040044242311031230233040442423033312302330440404231311332220304040442331311330030040440241113314313334000442444143411113040040224114434430000404440421043433330304004004211434400033040000044403443333033,
1001001122200002222211011011200222203330110122221110002003204012001010222203322240121110120233303320401212210120223222000411220111220232023304401110223232233323404100112232333233234411122212311132022240014243111313111110044042443103133330310404442430333100433104020224330111101431040220224313400114314044224040334411411340040040444334404413400440440334430443434000004043444330334340444404433000330443,
1104111002200002222201441001120222200000114044110220200200224010441011121002220044111144412211000202404044114122122220220444041112112110200204000122210121100220404441444122202200224041014141100202220240414104131322030020041441441033322322230414144011131333102304141114003111101103044104144433300110034011140403443033333041010440433303000003414004043030333300334144404433030000300041004044330333003333,
1101110112200002222201121010120222200000010201112200002002001011221200222200222010121221111020020200101211121022022200000012201221122002022211011221110202200002114112200011122022024441011111031200022041144400433010222020114144044303333322031441114413300202300304010411440302223033040404441433303033034044041114300333030040044004040330303030404004044033300030304040040404040033303040044404044433000033,
1110220112200002222200112201120222200000000211100202000222000002100111102000200011121222212220020202100120011211202202220111221122110202203001221214441222210333000111042221011220031110122422111222333010144422443313302330044104424343313330131401402443443101111314014422243311133303140104402403434303434101400204433444304341104442043443333440410404022234404043004044404040334040430040040044403004440333,
1110000220220112222201022202022022210000010020220202201110000011200000211101011100010022202222120201001100220200011222120100111102220020011211442212202022221102104111212201111122200441102111100033112011144424343333111020142424240340313001031442224443430333113304002422234300130113042204424343331113304024044043044433103340244004403334033303404044040403340400304044004004444344403040400044403333004333,
1110010200000002222201001112220222203033010001011200002033034011101120222203303044101012221121222333140001011102112020301044011001122100030011144100002210220333444141001110220222030411101101122233333014144441443333220222114114014403223223324140104104323330230240401144403300320330044140040303322230034001044043322302330340410400403223003303414104404434433300004141400404043400333341144044404434440003,
1044000022111002222211142222021222211100414401112212000212224411441200211122211140110412102101020001041014011122201111100444114412111100003300041411422201022233044014411200222022030440014010333322333004044111013222032233004040010123233332200440404011433222232004004044104033200333040404414443223330304004401411333220300340004414430302003003400400140430302203304044401404333023303040040000444002233033,
1001110110111002222211101411001012200000001044141102220202220101400411200022202011011441012222020202040144011211011112224441411012211022211004141413121333002110111413133212232020010014131033222322333011041431113332232233144014340133233320201404443401403232202004333344434432233222040044333443302230304040043443343000033340404404434403333030404400340334044030034004003334040404433343333300344044044003,
1001100000111002222210010111001222200000110122122210002332220100221021222233230010111120210200222320110001220120232333221001101131222332220201104411313332202202110114413311112200001001011411312212022000011414011333302022044004114144423020200404440440433322200204033344043403300322040303033433300333324044303344300304442343433343434333404023433030443343444042234033404433443404040340044433004333044403,
1000010000011112222211101112211222200300100100002110002033300001111022122202311300100001112211222133001101100100201211301101101001222111222341444112221120102023414110022121110111134041222441333013010342242042213431113330242424422144134143002424424401433334430324424220443044433033242224224430404030334020044424333400330040400402234444330033404440402330333033034000404420332200030340000004422233333003,
1220200222211102222210022200011222210000122020002211210111221122022020221110220200111202202200100220441102211112112220200400111210211011200044040411002122012111004440001122122112100141111101021212221011144443113333233201014140340032222033310441043444433333011104010443303444003000040104434433340030004000330434340404333043303444334440440443430334303304344340034334433300333033403340004430000303344403,
1001114440122002222211441404011102200000114414111012221111004411441010211102022040011144442212220202044400111142202022020401110001411200000204010440001222022220004104404410020002004440040440112022200040044004141033322022044040401103033002020404404131130022220204000441030303330020040440410313300300204044040103311303222340340401031313300333403334401113303300034300304001330300333043000333330033300033,
1011101022202202222211010111020000200000010000100202222000220100010123200002220200110111332220020202441110022233233024404400011223223322224011444410431222333440141110114321102220041441014413222111244400414140130231342423041041141033313442230414414411311334223304141441431134343030044111014410304333004014010144333444030040144401034443340033401430310330403030034010303303304330300340003303344400033303,
1100000001100002222201000111001002200000011000100112221111000001110110211122000000010011102221200222000100022212122020204440110020211002220041114110202122202022404400100022022111110440222111211112232204044424121230132232404042441211310332304040422402313133133340422424223133111100044204424033113300104002244240313113311140404222441131403010404044403433344403304044004033444343443040004400334043334433,
1000140012211112222214411411121222211100104414140111020221021011414422102022000210114111212220202220010401002202000000200114001113200222202001144410132220002111404111422320022203014440011222311112233100044421111330101310044004401433030113110400400444030311311004004440403033003001040040000434303330314040004044344044033140404044043344343303404040440404333440334040440040444030000040000004440433033333,
1000002100111112222211033321110222210000010313212211021120200101113221122001222000101331121202221112001003113322000202220011131311102202000033333133112220000000444001113333022022224011100103111122000240141440113313202200040441441433030222020404114014343330002204041414144344033220044144144133343030024001441144043040322240010044114403403002404144043340034303304044040443433343003340404400033444330003,
1010012220044442222211101110024222244000000101022244240442224041004244224440020244411144224204222000001444142242111122102011141021420222111022144012111420021000202244121022200201104442241221112111131142244221123112201321424244411433312232200042001414413123220300424414044313333003044241144033110003334004401403033003000041011100430003330333411041444303300303304014441143003300300040040011030003003333,
1100044021110002222201440404221222210000114404044212001112224411114411211101020240010411012221122000140014012110200022001444144122020222020014004041202223223333414440101110233322204141011101123222302241144441403303023200140400144030330232001440441440334330223314004010344434030232140144143400344323324101101434333043222341101141334003032333410104410044330300034001104111044300333040001004444003000033,
1111044412200002222210041041110222200000014411144100020020201110441440222000222001440441112202220000044111141333211201110400133313222112100241110131312112211222414441113112202220024141144443112200022040414114013312032202040140114133233302320404410441303003033204040114410333303322044001400101100322304004404440111303203340004040010333032330400440044103003302204040004041100000332240404440441333330333,
1102200222200002222241220220000222200000410002022200020202224100020020222022200040111110202020200020044000211100020002224400222011222202202040402102221000202200044401112211102002024040014411212220202244044414413313332202404004141133311302334040141144411313020300401041443333103033044011141344113133004001004413341331130340111041134433031303410101401303403330304110011130444303033040110001333043300033,
1111004440110002222200014401101222210000004414011011020120204044111001002021222040104410012220221100411140010111202201114014400110221111102204410444114233022202004111414412233002200441001110113222200011144414441311102020144114404413011302200414110431313333220204144404313320223002041411443343322332224010140403422324303340014440444333443003400114040034434303304001400444334433303040004440403304030033,
1111222022221112222210301102011122211000033301122102210110220030301021201112220233103331102221020200111011311142000020221001131044102022202240141311141020200000411443133412220222204141113334103323302341414144431303230203140444140333222322031441141434223032320314101141343330223203141400443442322033304114004433432333000340144403443322033033404111333403220203034044413144034022233040004011104440020033,
1044411000111102222211114110010022200000000410011102200000220404110100200222002244410110112220220200141110010111200002221141000110220222200044400001100221002022400111100111213333020440014444121222232244044411431230233233404104140132323302330041141441323303222300414104413323023330044041400131223222324004414441411233203240040014141121033222404044111444213023004044040404011132233340404404404443332003,
1000000010222202222211011101114400204440011010001442222404200001010104240044422211010111202444242420110110002022242224404010144222444244022240114141114222044002040141401142002422204410411444111122332240140141441332202233141440411143233322231414144012332203003314141414412232230300144111004133313233034113301441113132030341330311143313322303403033301433130230304003030044431103233040333033333033332233,
1110001100111002222240100011001222200000441000001102000202224001111011200200020204100100012202220020441110111020200212224000101010202221112004404441011102022212040440044441102022120440033341144420010203334344313422202120344343443134330221203434443431334322122304330030331343311203043430334411101330234344403434100111332343034044334100101303430334403301100110304033430300110011003040444333000000000333,
1110301110011112222201103001011022210000000131101102211100221131301010211221020213311311012221202220013103330102012202001113111031201100000201033313312122220222331113133122000200021133113113202220222013344434123333233220114344341231112033020043334412133333032204403424211144043220040004224143344330024004040244403334322240040440222404443000404440004244433303334000044044224030300340000440044000303303,
1101100000111102222211010111010222244400100101000112444042220144410110112422202001111441002224202323040441411424400203334440411044424222322214114140402244203332114101440442004222324141101404423333322344044011143322202303404044104133220223034040040141323022330300400044412330303030044004012121330003304000044121211030330040044041121100300030400040431223033303334004400302333000300040000003330303303333,
1111000110022002222201001101122002200000101441102202220002201114401020200022202040411101102220202022404100414420000000004401444104022022220040004001442220200022044404441110020222320400044041122221123204044004103333131203004044041101311310230440404441331333222304040433310311123203040404431313313330304004334413111311303340044300131303010330433033001031130110104333003310330330011140000003330330033333,
1000010001110002222211041112221222200000011441020210200202221001441111220022200210010041220222333220104100421123302223221041144411222322332310444111410023332233441114412222022232234010104120333302332040044414110300320303044044144131303330330404114401103303033004041410440113000003040014114011030030334044044144013033303340040414001333003000400441144011303003304111144040010030003040000440400133300033,
1110000111001112222211010001010222211110044111100002001002010404440111102112221144004044102222120022001040440110002122021110114110111021220210011411410022211200000144414111011220221110040041441222022010044044143313002020104044044033132220020140404343031330202211400043043012320223144040443433332220034303404034442232033343334403330323333000404434300033320203304004303300300222003040443303300333332233,
1000101110011102222210011101001001200000110010001112222020000100011101211000222000101010102212220020441000101122112000004411100001102020222011440111102222000020441110100111002200200410100333112220220044044443343311111220004340344434322221200043043430343311110200403433443443300222044034304443400320204000330400333403020240330304404304333222403000334434440403004033030300333044430040003303300303334333,
1110001002220002222201100010020002200000100100111202220202221401110221200022202014441022012223020020040041212110233322000044410122023222022000400110202232020202440444102322311110334404040111332222103300404114131111120103040441441300322111300404144143133331333004041101433111131130044014014403100311034004040140333113303340440444030030113000404040004330033103334000444044330310100340440400440033111003,
1000011100222202222211000100011110200000011002111202222000001001021210200000020011011122202200022200000102111112200002001110122232210222202210011102321111020002144012233224441022204421220223411113332242220242243330311330242444402430303011012442220444030333131124244240004300113311042402444043111331304224404004430441113040022004040344313330400422444044333311104004442240440011333340000422000433330003,
1020011011011112222211220110101222200000112022211011120101110010212022102111101004110112212220022000444113321121111121110433311121120222133103440101202221111310334033001112133331113443311130102022231303343441131222022333043443444332333332220434033034332224233204040334344230242030044040433044342420304000444304333442243040440030040044244403404430333444222034034003332232224420303340003220220444033303,
1100000022200002222201222022000222200000112020202220002002200211022021112200202002110001212220222020021010111211110020001202110012202222022011222102212200200122101201022211111011234411101111233301103344144041443304333303004144141400343440300441141414003403043004044044143334333430040404041144434344304044144100433344303040001441114030343303401011144104033033034111000400043300003340101114404440333303,
1111100022221112222200022112011122211000110121120102201102201011121221200222002002212221102220220220012201121100211110020111014241220222122200101144221221110002444100422012110022204141114233112222002011144414331311121020044044140303131012020404004440333101112204044433044403003302040040343433330303324040033434000033003040433404403333033000434434404000303003004303304400330033030043300333330333030333,
1100111122200002222201110000200222200000000011110112010002000000001211211102220011100101212221000200100111412211202220000101444111221200220011100412221122020022414441144441220220024044011433110112002240004403443011320200040040444033133022020404400003033132200204400444031111300222040040040330031330334000440430300310303340440440300333103003400400043030001030304044044430333013033040004004300030333033,
1104410002201112222201141110220222211110410401010202111200014411440111202012221140114022212220100210041440211211110220224441112112221222002204010100021121112211004410111122220112210441101222111112212104144442243332212110404040244433430133114043044334044311133040433403403433300030044034434433400333004004433434344300033043440303343443033003433403303343330303034043300300400033030340433033304443000033,
1110022202200002222201100211200222200000000111022202000002220101010020200022000211100011112200022002010111001442000020200001044041420222022204414404014020220002040040444122200022200441110041200200202000141444013332220333041440141030320020030414041411032122220304141411411333111330044114414431031333034010114044311131103340140411113103311330401404443133103031104044400433111030110040000440331333033333,
1001111101100002222211000002110222200000011000020100200200220001111210221222022014022212111210202002144411212212211112221014142120211222210201114441112211002111001014144412022212220440111404121112002244044443431121121111404334344341220121203343433443433221222034404343033430111302343343433044334333024334304033434430032240343044043343333033430434004433040003004334344404400400030043003400000444000333,
1100000222000002222211000101120222200000010011101200020000220011010020222022220200011022211122111112011012021122112222010114011122122110020100444101222021222111440404441111020202224411144144122202020211014111414230303330140141440133303030301404404041311333034304040440411331113343044040004433033003434000400040303033434040004440044030344433400400040433340333434004004404404433444340444004400443443303,
1000110010111102222211011011010222200000011000101110020223300001101010222000223311101444011202020230010114040112022233034410411101211111330341114441102222322203401240222103332322030442244021112223000344044244213332023330404042421223233203300040422412232322300304404144113233233003040401441432223303334044411141344244300040040004413344343330404044114104333344404044040141140044333040400441144433330033,
1113133322110002222200131303211022200000301311302212200000223331033311210011111201311130112111000002111331033121022022200131131310221122022013310313111121120000144113113322201022201410031330332333332044144431113332222020014114404112232402021141100444233342223201400140403043423332044040440434443323024000404404333403222040044400044043030202404000040400430300224040440440444330333240440440440003000033,
1000000022211112222210011111021222211100111000001211200222200001010011221120000000011100012121222000001000100121210202220111001110202220020200100010311110020000000111013312202202220110114433410220202211044434443111012200144004033034310112000400040303343011020004004043303430001022040040440443311110204040440443440330022340404043334032332333400400443433342322234044404404344422333040040000444333330033,
1110444022200002222200110404420222200000110011040111210111101044411441121110000010114141102221211222011410441121122210201044144001022020112311411104101220022233140004441010233332234440041110120222233004044144441323002323404044004313233002234040040401333033220340404114410003223303044041144133332323034004404101141223233040040041144113332223400040444110122230334000400001331233300340044400011333030003,
1111022244441112222202210244220222211110220011142111121222200020101422122111010000222441112201221110442044041120222001224002224442111112202204424422422220012200004244242300011120200440422022333001022200042044223311101120040444044411301001110404004331313010103004400043313133011330040040444333131133134000440034003133111340040440343331131333404440043403441301114004004434404303031040004404300443303333,
1010221101110002222211100221101222200000000111122012000222001101222111002002020010100202011021110000011101121022212220201010411212011212022211044412111222120002101141412202001022204410114112202222022041144114112333233033404144042233223230330441414442223232330304011422243334322030040104440403443300304040103434344340333040401033344033400003404013044303344300334040133433344343330340041034434443030003,
1002000002200002222211022211120222201011011211212200200111010401022200220100100104411120112201110010404102112112000100104110422121211110111041004421202221033322411441412202022203200441011013111112232244044414113323333233404004141132322322330040040404323302232304400044043223303320040004004403322322204004044004030323303040040440403303303030404440004440330030034000044403430033033340000404033303300003,
1002022002000002222210222002220222203033110202023330002333030101122023222200300000101202223323330333001411020322300323230014222023223223222000142011232333223332001421122212220203321101412111220333302210014410133334030300114141141311114433000041141431333334433014404414114004433444140441441140433033404101110144404034434041101001000440334430410001011140404040334010111000440444030340110101114400433303,
1110220222211112222211022020111222210111001111222102001110010001221121202221202201102241102002202202412244410022200220224112421012011220000044042210111222022220004442144414442002004042201441411120002244044410041132220202404041444433300022024041411110300002202004411440030333330222041411441330000030234014041411303003333040111411313033000003410404443303303033034144403303300030330341040033300033300033,
1001112211100002222210001011222022200000110010102202200000000100011000200222002000110001112200202220110110012212202020001100100120200202022200110110202202220002011001002021111022020010011200231001122044044001111133111232404041103033313223324040414433111132330214414140330340320232141114404033443322304104410440433440333041140140440443340003401441400044434444034000014440003303003340444403333300333003,
1110111110011002222200110000011222200110000011000101112110101112211011222200110010122101021211110220444102011211202220204011122122122000202204412121212202202000004021121201112200000440211211100120222040044442140331333220404000420433133223020440440444031223232204004040003013332302040443440431101303204040333440330110032240444343043011333033400400443444330330034000404434334330030340044400334444303303,
1110100111221112222211011102121122211100001010022212201221204410011011201112022044110102112210221112114101122202211121224440100211111201010240041111332222012220004440331311112211200040003311333221102040044443103130212202404004341313044222024040403441133340302240404334401143433202044044433433343432234033333404034434302343004404044304340333433040444340403344004033440033344344330040003333034433344333,
1111122202200002222200000120220222233300011021100200002030000122212220222202233311012121110020002203001112102122022202030101021121220202333001444201220233332300014002010211112223000140111011222123322240144140113332303332414041444143323300024141441414342330330041411011143430030330044011004434033334304004401404334400444340004114434033333433400440114344004043004040010043440440433340444111003344044403,
1101101100222202222201011010101000211100011000101112222012221001110100211111000210011221112200002020101021212212000022200111212211120222000210102110212333220022110001011022233022020011101311233222022011041011313323023320141410013343230233021414440134322300032214410044443023303033040404000030020334434044044040322234343340400440403423343440400040044404334343334040444000440443440340440040004044044003,
1100201000111002222201022111001222200000011202101100020000001221122110222002022011211201220200222020000121221112000200221122212210202220220001444110102200220220114141010022000002000411100111002222000244144401041120302220414104144131113300204141040431333313202001414044330111132200044144034334432232204031044340033423330043331103443334220303403131134340444330334011300303443303030340013330334430330303,
1020222112000002222212221112220222200000102010021111020222001102211122202011020000112101220021100020044100221022210111214401100211101200012140440122102222110121004401102111112110100040010110332221011100044101113332322212044040404312232244220404404043133334422004330444031144433402043040004341343432224033444043443034330243003400443334440030430330034344433300304330330303304403303040000033303300444433,
1111000000111112222201001114110222210000004401044112001112214044010041202201221141104011142202221101401444101422333121104011404441111031201004441114013303222001404014411311333002114040104111411132221240044414443333232022044004403422303302320434400434332332223204344344334322233230043433044343302323224030344030440302232240030400334043223330403334403304433322204003433300440202320040444303000002223333,
1001140442220002222211014440022002200000104414044042220002221441114044244422200201101444042224202020441004011110200002221411004440120222202011401041112220020000144411410120333323334111011444122203223341044441413332323322414340014132323203301443344113032332032014044340130322322020140443443133322032224140433341110303330341403440410013303033414134004011103300034141344044010110333040113011111011100033,
1111011444220002222210001011422000200000014011441202222000220144414411200000020001400142202220202220010444112020022202000014041122022002000044104212111220000222404442221012022220024041111122211112000211144442432231312110414104144433343122114141114004043431112140400143403343303222044114434003440330304011043344433433003040013304003443003330401033044334333300004111300044334444330040100333330033330333,
