1042222111100002202211411112100222202022014222122200020000024141102110222022222044110221220020101112041002112011211121224041110221011012022041441101113024022032411144100133224423324010441000322444203241441110403442220322044100044443320233301041144000330033230311144403003433302223444111133304440320334113330304400333030041130430304003003330140344333440003030031404400043033330033044400444433000000333,
1010000001022011102211101110110211001220040100110112102221200441110222211020010200410010201200211122440441120212221220201411101222120312112014414010101023101210011440010210231122101104331122202303221240043311023223223322444044334430023232200433440343330232233200043403344442330033044433444334023003034034300343304203330040334443430333303030404343433004443000334044333444404303000340044303334003330003,
1101112211120020222201010022212210220002011001111221112022201401102021121020023214011022210222022033140142110012033322231414122211102003033214141110001022203032411401011101112032224410404140030213300044014441444322303033004111141043022303330444040411032033300000404411414322030333040041144142320030300440010040423303303040404044044203303300404044344223300000334404403043330333303040000033344443000033,
1014444111010002222214411101001122200000114011000110200222004141001110002002000244111000102202200222044102201020002000021114112201203220222010144112012333022330444041002200303332201144141220222203232014111411233020032322041000133230003023304440441322330330203000044103224233220300444041111443223323304011144440332232233040010043334300323222000144004403003033234444040444300003300340000440004444400333,
1110001102200022200200110111002111211222110010021121001121121001100221212220221310110012211211200203010011100222012002030110001002101102200311004001211100112203004444012020222212300411110102220200233344400411012111112230040441001112233220230004111101332323332344044000333033203323004004034404402302334440440304334023030033434433343344203330343333444344033300304440004004404300030340000040040443000333,
1110010000010022000200110110011102002222110011011021222233330110001012221333222000101001102111223322000011100100122032331111001011200211322201000100110221230200104441444012212300201441114111121123222310040004222120232003144440444211220303331000040424422440300040444430204404033033040003332243443300330444003233330340303004004402244433403300000440444030304330304404040040303040030344404440433300400333,
1000010122222022022211101100111102200200144441122120200202004111122112202022202041004244110222020020401142444120100020224011442010111220220240014222101022022003040411431220200002330444114312220330323040114443133003033223441401113133033032030004410041303222203344004144411030332300040040400310331113330400043333013133131004044400043111333111404004040433001113300440404443033033313044044400433003300133,
1022010121102020022211121112221122022020122121012120022320202011200111222033200022122022220020032020021002021011022233201120221110131122332201221220011331132232012011101001331323300100010114111031220010111001144333311033114410444040401300301004140043400413033010440440430444133003040004433300343430330444403440303334443040003334003344433343440400440330343433434044000044444034403340044000000003334403,
1011011111000000222211001000001010112000011011100011101211000401010111000112011104114410010440220020040104104144202022200441401044222202020040144411044000222000111400444222020202020010101140202200022201011101420220222000110410140444423223331104440402040233003300111044420222322300044414332220032333034433344433303322303300444304030332332220440440300300022323334003333030033323300344000003333003322223,
1110222220242242000210101000022442420002000101111224244222024011100014422224402240100044414404424200400111040110202442004011441401102022022040004110440222022020044400144220311032000400401411111310322234004441444433113332303333410033013312203300443111430133102204044434443311313320444003440011301113330040333031133001311144040030313311103330404403033311310110304004333000113333130040040303333311113333,
1110011100110202002210102221222112200002000120120212020220020011201211120202000201101112100120220020000122010011220022204411202111014202042004101121033140224440441410223334220224201144133322442244422211041303022242422023010141322300442203331044413223333423300310014133344043334444144114400344344433031414440443340303300344111044034343303003110144040043430303300400444044404303003044440000000440033033,
1114001441110000002201441111410102222020014044441444442002201411011110022244200014111222022442242000410024002244004420024111244402404400220240010402202240220002111010424424402202021301144244402202020210310144110220002220333101114112022203323113344441330032032211034331133233320320101343131322232323000111441331423223303340133413344430203003404443444343330030334400434033340033030040404333034443303333,
1112221110202222002200102022122200020022001011122121222002021101122121120202222010404211121202000002114442001002202000024411044401102320022041101400411333222020410114144103023330221404401110110223300011440014401022322333104040440110033203001010440110033032232001114401043300303223101011414430030332331444404104033030330314100440040330330030411104004044030300304440404440433303003040044404044003000033,
1100111010220122202201110110122011012002104410011121101120221404110022122222020014001011121111002203141010101200201022331411000102022212300341101011102421122330400010012222444420334000111011004000200340010034114422020230400111344414420220300440413433134220223344404443313330320030000433404443033202230444343440340322233300430430333403000230440304403444003032230433040343334033320344003333433044400333,
1012220110110012020211101200110100122202000112022101101000220001202212222212000200212021111001220020022211144441112022201120114111233323332012110040102222320300122110441210133220201421011421113302202204441442221400344223000414011144333433320440144041343442322204040004413344223203043333344334333323330400444334044403222340000403444040323030404404033434033230334404403443340332330340004333044400023003,
1100000101221102222211011101112102200000101100100211120222000144001202210202020201401110220012102022010444011022211220220100341102102210200041444331221200333330441043122112330022230411431112022332330304143433120202223033401434430220200233034144344033322233222041141104030020033020401141444303322030204044414334330333033204104103330300030222041414404440030302000414104040403330300044011144333303003333,
1110011201000200200211001121110002002202001012212222022022020111033211111202002210013322200223322200111030320222030230221441113330342323300204100140303423222322401041440334323323304014441414343230323041104011444332330222400400101113132220204114441044411303200214414144114013232002144111044141032233321040001140111302203214044441114130333032440000400410330330034044440444133000033340040004001103333003,
1000102201002022200211011021110222020222101101221010100200201022011122111220000200022122213332202222011112111223020203001220121030203332203312122210312232002230121114013113222200331044411131130030230010004144133303332300011040441000303233001141040113003344303000414431033303344030044104333003444340300404043004043443033000444000044433003003400404444033440330334440000043344330330340044444044043330003,
1101101111102202222201101122022200200000010221211200222322221014221112010023200010144122201113323220441141212101032220224141410111021323020241440114402222332233011440444233332322300141142202402223003314441420224320003300111404202443023330301441441100433322203044010141040400320230011101411444033302300000114440034430323004444403033344033203400000433434333003034440444033443303330340004333440400030033,
1000001101110002202211001101100100220220101110121001202020201000011222202000200201100011000220022002011100001102002020001000011101202002022201000101012220024220111010444144022244420100100440140444232210011133041441222333111044344441112003004410144333030233303304411140303322203000040444044033020030330044003340043333033004003334404003000300043344430443303300000403400333430030333344034030303300330003,
1000010011011020002211101100101122220020010110011022144020221010011002244240220010100102020042422022011001222004422440220100010244422020442010111011140203022242110144110402330233421441414442020332304214144143323032233002411101433233323003324010410403202203330011044144432233222033014404034333223020331100443334444433323000104304400000320203111043344333330322234444003340040433330340004444044440000033,
1110002022110222220200110122022211100022110211121111211202021122212100012202220200111221112212213020101024420121101132221010241213231103332011222411132332122230124441442232221113334044014022333213313004104104232203223113044141043302230233134401410434420332203300411004404030303303404044400440330330004044040033330330303040040400404304030300404000444040040333000440404004044430003344044404444003330333,
1001112200222000022210001211002002020202111010211120220220200001022200020220022004111020022200022020440101022002000200200400110221003332000004011010211113020222404000111222030020000040010012033030202240401111033131322020404100441131313202204040440110331133200344044400101133022233004333444111033030330444344114441030330000404311433413033030000443444034130000304440443043033300003340433303333000333303,
1001100000002022022210010001110020222020101100010010220000201100000120102020020000101110121000202220001101100212202200200101100222102202320201000100112202033222114401112112303323331004410221033300222201004012121130223030011004111213112033304104442223333223000341042242422223334303444020444040303443030000243334443343330340444434433433444030440033044300443334334004433400333303040340404443444443034443,
1100144222221112220211001424001122212022101114222011200112200104411021002022210001141122011102020222014121022001020200220141201111101200220310411200222212202203114012221320200000030114211113312220222340441033311102022303440411341331003303304334130413301330003004433344113013000030044300414343103333004040441143431030000044044010434333033330040400404430403030034040044400444333033344400400440040030003,
1114410002222112002201141101011112220020104110111412200202201044401441011110200010411104010100012000140100440112221120221441440110120212202201404110144121211102014041011401212210201114114404412112212040040044400123030223400444003440233302330440300034333200332344333440343022332220043040443432023002034344440430033203033340330030033300333030433000333000300300004303303003033330333340033303330000000003,
1114404400220220002241011441110220220020410011144102020200224010444041200220220041111401101102010200400400401101020112001444004441411022120001041111140301222111011140043443311112110014410434431333220040014104433111032000444141404313120320200041144403130222022244144043301320023320411044331313233323024010400311032033233240011401333023022203044114010033230330334404443333023330330340000030022200000303,
1111000000000200022200100011111012220200010111000000111202001110010040010010202201440101441102012202044110114110220102024111444114022011120144404114411112222111433343014144423302000444333114122330222200044301142223220333404032222203323330034440333034330202332300044030344422232220404403033340303332004043334444333300303344044434330000330333004044334444330300004440003040003033000340044443044444003333,
1044000101110000222214040111222122000200140441402012202220221410144411120020022014111041441000233020414201112422220322004122201222100233222041000221211220203002411222111210212332224221114122122123323324221140012111200323244422144122232033002040221411200032303324044414133330323030041144140144033300304440114044404040303000011440330344403003444144043033303330034114111433003000003341444404403303333303,
1111011000010222111210000110221112112022011110102212201223021001000111211122333210001311022133332220100113302021442232201011331320442442330210031113222420220302011300124442223030020133343033433322302201144333033422233200104404300034444322201141140044433334200010114440411440340200444411114110400332220041404413334403300201114404131300303020010440441144333303224440001144434444430244004444033300000333,
1111000010011112020201000111011022020222001100110210230220031101110012112330200310444001112023220223140404441412322022231411041144123202330341011001401230222230111010110412330033301401044004120030300344014404442122330330411142202221233030334044142202422000300304041444204033003300040111422242230030004440042024423300033300044424422320330030000422204223223300304440040443332030330044044440044444000333,
1011100101220022200211001101112020200022100000122002202030201000011102212203332301110010020100222233411000010220111203224401441100010100232204014041100131222320041144040111033023001144114414003032032211041441140432322232040440112404322332320440112224403322003204411444422222333320400441140444330322334144013133433432233341141134033434333220414133344434040032230041111333444333033344433330033003030003,
1400111000222101232211444110102021112320414114011110122023204141044400211122302014110410442223233200144411144033233232201114012111133222202244401024001023000200404010242122233302000404142422002320322244141424220332223003041414424443232330030411411224332300300311404411202233030303144411012332303303030411441000332223303040114411130323320333404040144300033220304044044403332323200344044000444442223333,
1004411001101111100211114401110100020222400411102011100200024114102220100022002040141021022222020220411401111011002022004041144001102220033304410411012202020303441144011022032220301144004441233302033011441042220300002030101110420240333322320040142424440003232204440424240003323330404004402040403303030004004022444032223344440004442022233303000044404022302300300400440042023323003344440002220203303033,
1444404001100022202210111444012111112020110141101120002202200101401100022232230200101410110112323332111144440112123322023444111144122300220234004404422113202002340304042231132202000333344023301320022230044333030331200200330443030313010020000334044430132111222240404341311312221000404443413331120211114403043311131033333003344433141333000000403343444431303303300444330033311033303044004444403010000033,
1000011001122111102211000112112212223220010110222211121332020101011111001212232200110220221021122302444011211211222123204001122121120021302040012002202220133320044010112202022032200411110130011022233344000441333102033230004440410031123302220044344011132230320004034333110303233003044344430333032033034043400444443332223340430300030344440430040033330333433044400440440030043334040044044333344440033333,
1111101011101122202200220111001101200202121220101202212122021211110112202210221201222221120202120010111144122112111222100440411120122021121040440100211020201122400400111202022001204040440103222023302240443401331120043200433434401331333432030334330011130334323344434033331344430330404340030133304330030003444011144434303303340004444040043003434443333343433303004433400004333443033344033404444304430003,
1001100000222200220210110000111110222022110101110022220002201000110022020022200001100011120020202002401401001220220202224014411010444422203240140011422222402323414111041110444233034141410401442222322304144414014403332223441140044040443300034011001004004040333040001114440443400033044410411400034443000404044113303330330340004430330300033003400403330303333003304404443430300003003040004044333003333033,
1000101110011202111210001000100102210222100110010110112112001000100144110121202210000111440121122202011110441110222121020144411402112331110244040114022212322210040101404423122322334411141442331233303000401414223212110330444000402342211330004004444003402203033300000004034203033003444404440342233023030040004043433233232200044404443302002332444044004303022232324000004403303333222340004440033003223333,
1000022222002000111211110010102220021222000011101200202212010110100112200221211011010100121110112210100111222112010122100100300112211102113311403334113001221330114044341032223223034440044331300233322300044004313002300233440404433132200302000404404013202223020004430041132044033020000333413322404303224444343032333344302300434433422003403023443340434424443330034403404434424340033040000443302243444333,
1110222220220002000210100000122000222322000110111200200233321110110010222123030210000102221121232220101110120212112232200011001121022202330200001001212020300302100111012120023332221110103311202232230301010033322333243330100444440303034440301140000043344434330014111110403400334300144400014434343443300400044143433434300400440044034440033444000444040303403343400440000033030444430044433333003300000333,
1011101101120020020210100011102202220222100111044102200020001100014301200222202200110143112200300202010110431022333222020101044334444032002001444014433033002020014401114330300220204101141440303300202044114443030302202020041304333033202202004143334343303002022001404440444332202020114414043340320020200141110400343022200004144404333443300222441114143043330030234004141414400433302340444111440444030333,
1110122110111022200201011201011001200222010112110001212002000012210002222102200300122111101102223203111002020112203032230001122201220333220300010011202030323330100110122200302230001110010120033302303304011101023000320334041010442230303003430410044022300330304304110422003300303343141442244440430033431140444204344333040314442022433440344400411402044403344334004110424040334333433344404440044440444303,
1111101111011122211200220102222112121022002001011112221110220022111210011122223002012002202201200320020122212202210223330211002110021000222302102210110022220032120111100222020330321114440333424423033201414044434244233030040111400344322203034440014044333003330340111004340303300303044441443440330000034004114430303033030340404410433300330330404041114430003000004040441404003300333340440044043303330003,
1110012222200020022211011101110222200002001001010100000220020110101002111220222010101014222012201102101010140202120110121001011441122110102210014441102022102202101124112220301102000012241232023000223011014222333232224333144144334032302344300041144343023424330004404033433322440333000444042322334334000440040432230334343040400044303343443433404400040330400434034000444044004443433044000440044403334333,
1010220100200023002211122001112022230020222111101220200333220012201002020022223000110201100222020030001022212200200022301012021102200200223012221122202002002030111001121200023333004001121212002203003344111221122203003030414444420104233300301101110441442203003010101014410423303303101014114104322223034010044410403330330304140400444034440030441440404004433430334144004400040334330341004404400443033003,
1000111303333202202210001033301032022120110010311110122010201000011330011021112001011141131101121212111004013300211222121004441100302221112001041144443021121020014111004033021221220140403404302210212001404334044302201112014043044033300202221010403340030332020011104334333034322022044403040300343300220040044403033440333200404000404443030330440440044044033300034044044044333000300344000440033003330333,
1144440011011102202201411141011001021222011411411210012211101004001102022211222011141103120200120202100410031212101202024004114311211010200244404443012122002220114111131022022202020410103111233300200204110433100230322002044404430332302233320000404433020300303244004330030223332023404044333033320322234404040444300332000000444040403033223333440040404300323322234404004433322233023040444040030000303333,
1112210123322200222210121201233220220020012112213223020220021121021132332202022201212122322320000002001211202330200000200112112022230000002000122211002322222020001044100103300002200100411001130332233301104401001101302230114400011100113302300414044133301444332311144044300333343023044111003030003433234401004444344443442304014400043304033303411444004044433030304441111144004433003340044444044003030033,
1100022222123332020212112111112222320022121222002210032220221211242220111333020001224441114010322200012111144143330020000112104441430022022012122201140300233322122113111430332030021214113344334320322010141044343433030020011144433344403302201000111430430303000211044414443303030222011414040330330002334441114044043030332341101440404440330322011044044004003303324444000003333300322040004444400000003333,
1110101001111000220201011100010000220202014100111011111202021044410011002202202211141101002002200203441041410022202332334004044110020203223004441141011102332323400411140131022233234111000443302333202340014440443222200023410143303343003333234110433444433323003214411443300030203222144114330333223233024040443030032232232044040343330303332322040443443020222232334040434303220333323344404343332200000203,
1111100011110010022200400100000011120220444001001100010220000401010010111011220000410110110110011020004110010200022212200044100102222002012144040011200001021121044044012221110022114000044211100122212240044040122002103120444040041020222331220034044403220203130300344004033020031333443404404433233030004034043333423330303340033402322200033303044334322332003000300434433323200300033044344430332203333033,
1004002222210222022211144101101220202200041401011012220000204441110001000020022214144001111010222002111441100021112001204441110122221211112041144401100022230023111411141101020332230004010440110023203300410140433112232030444110443343423233231141440443444032323341141111143033323203144400044433000232301400440043444430233010004404034003322330100040444400332330030044000003330223033344404444430322330003,
1010122221111022300212111211120201123322112221000222021223220121011100002233323300210100111112032230220210110022020223232122101122020020332321121022202022233433110112044222032044034010222142032303433044111201144320333430400010441143203444330401011140432443334004111441414324033433044141414104344004300414404411444333043011143300010433403430040433444443444333030440443003330040300344044433300303330333,
1044441011102002022211104111001122202200441400100220200200204144110012200002002001411101102000220020111444110102220202204441114411120211110241100122222111210012144401013331222032221440041103033200303310044401130300233223444040144113322323300040001401002332233240404014411222332322440441100444203032234044000043344303330304004044403303303033040040433300303300000404440300333300333344000043030000330003,
1110010111010222122200101110110102212200001010010011201100200001000111012110222211110001001210220000444011101011132000021141140111020320022244100444122233202002041000400203220222331414440440333200233214101404032322333222114114044322302303234441404033203223223340144333030033303223111043430033000330201440404003033000330001440440330030030033411404003033003303034441111130303033030340044444033033000303,
1111002211111221112200101221222201121022110012111200211222021440112104402223202014400122141120030202411110211410111322024100221141131103202240122144433303302000411101114340332232221441413334400302320214044411340400320320144041013434333230201004001103344434302004441144044003433020343331144344334300203344444333433222330230333334443444423322044000044030040232334404444004303333222340000040443300300233,
1110400101222200000201004111221110200222414441222010102202004411101111010112202244114101000121233320014411200111212223221114011222022212023301014421020000112223041142210200222212324441441100220233133241140010102220003232110411441000333032021014010413330303320204140104144303030223041401041443000033324440001140303333033200044114443300232223004044404330032233234440333334033323303343330004444300030003,
1000001101103000002211021100112032220002011221110222333220221001122220230023020011410111110222233220140110220021110030224410011202222103020004111012211113330200014010010100000302221141011110333330203341144444032200022030444111000333222322330401104444030223330000404400433444022233044040440334222023304404404044342330230300400404044333033223404404440034443322004404000033334303002344043333000043303333,
1012111101221222202211122212111210000220222111220122122202002000112030112332202020112212333123033322020110123223220302201100102223232330200001110111132233202222004441030330242203304404141332322422030344111413222323400303400414111203334443030440014423300433304340440142203304403043440401441131334034440040010141011304433004440101411013343303000400114440404430000400444411144430033344440004010143333033,
1110002220220000122241144442022022221102044114211211112121024140122211212211222341441021012022010232410312010220202220324013311102110202023240111330111012020232040013113300120022324401031031331223332341011311313013302223401144301330133023300440043114030111003300404033344333133303404044044343001330004040044033300331111044044003030333033331000040433400403031114404404434044433033344400440444043300303,
1100144222211011111241011141111211000222411014102122210021020404441120211222212044411011221121110120041411321102210210201114103221022122102000140132012112201120110411320123333220001440143033300302022211441443300330220233404134300302220002334114433303300223332244144030403320022320400043444222333323220444034334403440300004343334304443443330403344443403330403034034333304030030303344404440444000333033,
1001111100100112220211104004111100121202001044412220110110220101114111021011200201144401022212202223411411101112102212334004010122112211232344004001120012012323404440110022122123220401413332221112230204411132201122233000424404432233332003304200442232302023330342000422330222022223420442444330230033034244424340430333030324222433044300300003042404343343330303304404040433344033303040440440004400030033,
1110022220022112222210212020022212203330102220112001123300300100110122101230023211101011211102332220100112221212232020020010020112024322022200110113132243220002000110131344430002200110001334300303302210111014443330303302144404404030033003001404040304444430003310400403333000300033144004000003340300030440404440343433300040044004044433430030404404040400044030304400444040444043303340040400440044003303,
1110222220222022202211000010020020202020001101110220000002201012212202202022200010112212000222032233010411102221020330231140100111210003302310400100102122220332144011122202100203204140010111121100032341041044010221220323410411041002122030234104404411110230333001404111440033330030444114144333000033030041441434303000303344010443343000003303404043344403333300304040440003300000033340404403330003333003,
1111022222020222202201041000112220000220004111010102022202020144100101033200202211400110012232002202114111011012302022020414400100220333002044141101120003003222041441100222230223320010044411113220222010101411444030203440110114014404332230441011411403444303334304044104330434444433441411043033300300034111004400030333033041044400033003003300044040444430300030000400403003303333033344000333300000000033,
1101101010220020220210110110101220202022110011011100202020220011020222220220020010112221111020020200101202101220202202201101111023322202020040144001222333202022411440111023232220224141100313302200020041440113343220033220141110144430333033201140101143440303032044401404340443034433400404443440404343430444400334400443434340000403003333430343404044303343043444304040433034440433343344004303304044430433,
1000112210120000222211110022111220002000000011112241220202000011021224411022022211102221424110200203000112114222002000031011411444212202200301010441011102022203014442410100223330030100421110220030033001004022202022220300010404420223332033004014404420030233003044142240200302223330041424222330333303031412444034334340003011400400344344433330414440433344033444404411404444333033303344110033334444400333,
1101110001220300022201014441112333022323014414144121322233230140111440212333023200110441111222032232111041441221202322320044411101120020330244011010111022200332441101010222000220300410114102020022330040014441200022023300444104012042203030000041114122423330033304044440244430030030044000044330033330304040000044333000030340404000040444333303400444404043334444034040000040030303300340400000444000330303,
1100011102220222002201110112133223200220120010221323032002021211120211233002202212212220102232202022101212010023220322000112102222033203002211021020002323330020441211020020220033220412022022233330330040111221003030030300444221114333403330331422120144304044303011441240400044334433441414443444043443000414104043340334033344141400433400034300114101044003303344404441110043330330333340044444044440000003,
1101112020000222200211100122211200000222000001011212022220200001101222122002020200110012002020002022010101100222000020020100410110200022202011104441011111010220400101411333001112204111441001103333300241001413331100000332401414114331033033024114141441133403030204441044013343330032400144303134434403304401144331033433303040441403430334303030004440444330340300030400040043444333000344440444044000030333,
1202220020111112202212200220222200210020111001120101222112200001101211021121200200011022102220122002000100021202111221221110111101101221110010100144112221220122010010401011113232200101144004400033232001101104440300332333444100400003330022200411144404440303330004010400400430030300404440444404330000334044043300400330333004004443033330030000040004003000300333030403333030030030300344000303330303330333,
1112220012221020002200112111121112220220010212020122202002020102120022420402200201121202224244420220010212204414242202001002101141142044422410110110114422242444101110140413330224224444000404100311224200040444041113133020044040004103311322224400433041031331110004004430413311313103004404304101313033130444334343113030031340033443330133000303440344300030303330034044334043330303033040443344430003030333,
1101001022011111220201010111221000022022010010121112222020020101102221023332000200110010022022320000010011122023032220000100122202203330022001110111200203002203000010011222403320031001104002444030022311001440204334300223101010422400303033234411014244403303303244110104240444443032414011142333303302221144044422344330333044144002440043000330404004422444003330004044404402224334430340400040444044400333,
1100001133322220022211001110132330202022101100221322230220000001011210200320200200110121100223202002110010220222330202220110102023330222033000101112223233203033400102212020230333004401112110222330303304400121011332222230400014414113344330334411140444030304330040014410404443340300400011440404343430330440444044040434330300440000433334433000404044440003000003334400400044403333300344040000404000000003,
1110101111220202222200110100121202200000110011022211120022201001100201210202002001100121110220222020010001230120220202024101112310202320022241444423112203220000441111131102342200021144003003333440222214400333304443330300140330044403343033300143043304033430300011433403343430030300014044404333443303331044000444404330300314000440000440030030140004440000043330304400000040404403003340444440444004400003,
1111010001202000222200010100014222020102010011001144200201200110101101420022212000110441441222111022010040114413120100201114404411131112220001441404433120120202401014330331222020224011440334111211202241104003433301112200400104404303033212024041140444003232202204441443304432330220041140330343302223020010430003303020333210144334443303330302110043430400003300024444344304333300333240033443303000300033,
1111121102220220200200022112202122122002001221221121201202221010121121011132003001101211211033302232010111012022023222321040444411202223332214441110122002030002114144401103202233201011144100132202322001004011141333223022114444014414443032004110004401100433020340404004400040430203400440040444434302234004000043303330330340040044430003033003044000430033300300304404040333033030033340044430030003333003,
1110100000212022211201011011112122022112012211221221122112221014221221122101100010144214001211121011011411140112212201100100400410211212210000104114102142100220111444141221421020201401114012014210202201441444404432122200144343330444233033201433444433304303322210443300034443302023044034333043322220030043343303330333033004044300444430303303043433040333303030034434433430000000003340333444333003333303,
1102202000110112202201121222001221122202010110200011222110121001020222221002210212210200300111021120121222133110101221202210001311100211122200100011333332202330411000131111120222034401110430220200020304401444304220030333400414033444203330204111414443340223220341444110403033322333410140114300330032234011044403330033322004444004403030302333400040000440300323034404044440433033223044044040044303303333,
1111222122200200220201221112200222022002101221100200020002221110202202000002200000011120022020020022010001220202202202020110010020002200222011011011222203344200001101144433234340200010444143303343442201004111404404433022011114010440404030300004411004004004433344411444400044404300044143334000000330330114403403330000330301043344403033330300110433400030003030334443443333033303003340434400030303033303,
1110011001111100000200100011100002222022001001000122200202200001110011211220200001100100011010202200001100221021122020200101002211222111002201001002012302010220110010002203322220024144122202223003322204411244244423323230041402344224232220330114443404243302033001141043344044333000000114431403433444404400144314333443333040444111334303300303440044331344430330300004033033004303303044440304444403030333,
1110000222220033222201011100011022332033010110112102232233031000001021002320303011101011210103223233010111221211223022231012100012012230023000102101122020232033111221101242022322034044421044022423022344042210242424432030400421222424204320300440112442224432233344411442444344333220001401420334334302201114114233444340333310044042300433430003040404044333404330304440440404434003003340044044004344430033,
1001100002023300000211122011122233222002021221122100223233220121122021112232323211210111212023330230012110104222322032220120014442003022233310011141102033000220110014101123032220221100041001230033000204444014002322322220040001143023203200024044144433022030332244044111304033033023404041003444330303334043314043403030303000443344433300333000040404333403030003334400444030003330300344004004444403033303,
1011122222000000002211222101002202200222102001010220020220101021110102020221211101122221202220112210010111012202110211220110103211011002112010000132010120220023111101333110202020234000110113322202200304401011131030202203440441333111322033304044011143313020303004040144433030230300444044104030320003330400441404030333300300440014044330003000440444143434300000304400114434343030033040444410033303333033,
1111011111011144222200010000001012224002101011000111422444201100010001222440422001101101100204222422000100111440440424000111222000440044244210212111440422040222102212211420232220021011112244022033220012222214222002033022444011142023222230224004100443330000233340040114130033302330004411411003300332030040444333300000323304040400300333003203040440434403044432300400404344434333033044000444333443030033,
1111004111333002030201000140101013320332101111401011133222320144404100023223332201140041022232303233101044012020223022301010044123303330203200011041233300232022101144143220202232201101441433302022330201101114430322002220444400410113200002024000444114130333320214440041141334344442141144104040444330321410441104440433003241101410400430300333440111444033300330004044104004340333033340044400044400000303,
1000000101220022022211100101112020022002001011100021220200020100012222010220220001111000211100012022102201111222110120201211222121211211202201110012210102220200100011121103334242204444414413030344402411111404433004300424000444043344443334420004033344330322322244403304443303222332433300300044430003304344443444040300030004340033303403000033043343000333403330034434433040344403030340443033444040430303,
1122200022222002200201200201000002220222110112110222200332000011021020332330200200010210233003322322120011222303303023201222111002223223230212112202020232233222110110222033020220200004120202233303223304400111112100300230040444000311103330334404043133313130030000404031131333001301044044333111131113314040044113044130131140400003334441313130400444434401113131304004000440440031313040004440400444303133,
1000011201220222022211100122012002002332100011211102202222320101001220022200332301011410022011102323110014101122133323231011441101212032202341141144421022320023441411022211322333320440101210102332030340010011100222023033411110044440230233034440011403224322330000044441432443330030004004114322340033300444011443033430030000400404003304333030440440004400040030304400400440404333003040004400404440033033,
1100000011111220200201001111002202022022011010022002020202200001010120220202333311014111220020332220001114020022223230201100044222444022332001144142002240223200014041104442243323331440441140420400230311411144111444302230010011441041133330300101440010411004433010113344344333334300114103443434444430004441033433403330333314144443444033030000114111433343003330031441041130330003033344044441133000000003,
1222022101111210020210212211100212122002110111210022211202220100102221211002200014100111120222203222141110102220020233201044140112111022302301404440113313232233014111110133132322301114400410303303232240044044110223223323444040401102322302234333040044423203000304434444004230333003404433303340330003030040344334330030333044003043043303330303404404304400300300034040044040003330330040440044044444300333,
1101110110111202000201100110010102220222010110011122200020021010101021201111220000100112221100010202111011002011333302024001022444123222200241112242440223302002412213420022032202204021134222333222002204421340332230002202441013404333033020204011343400003302202004413434444030030022041444303000033303204411104300333030033311440043003030000300100444033300030000331140004040033300303344440044400300333303,
1101100002220022102211101022200220211120444411022000002212201101441002222200210010114411101111102120411411410120200121220444144011022221221211141140121111021133410104141202122213304101041441222332103004410414012032203300440114140111323330330400040044003322233300444004044030342000333344343043034420000004333433033343333004440034434044344430040044433444043004004040044303403330040044400033033300033333,
1110111002100222002200110101121102120220010010001221101020200011100110122100220211001010011121111220411001111010023021124101103002022230212240111333022332332212043331303232202232114434410032333023302104344103330342203222040041440444330300204044014000403033020044044044004334344220400040004404443402200444000440033344333304000000430303003000040044440330303303030044000403033033033044400440030300300033,
1011110111222022002210130010200220002220113330122220002200021313011100022202202233113330100202102332031130301110211302300444111331222123320301411000131110223233111401033313022322030100411003103333002300144011403300003332111404004443044032221041144404033042320301410400004404422333014110004440403330301140044400004033030000111440044044000330444141144040404444334114404040400340330041440440440443330333,
1103010000002220010201131130111120211112010313301020111222020013131102201002333201113111221010023232101310201122011122231103102022242101203341131222044422223233400314444022444333224103133400203300322041113442022003332302140134022042204423321444344240422440332211414334440024332233441143004044424320034044403334042223320304000440343402422223040004030433344403304400440344344333303340000003334440300003,
1100000111110001100210001110003011101102100011011132012220121011000101322101211201100100203212112012010011112232122212200011022202231102332211122020203303233020222113202033032303020440113120223220033300401331220232000300044031110012332220330004303311140322022340443343100430002233404034033444333303224040044403334400333240044004034000444322040444000344440422304440004444333304233040044404004444400033,
1100022222002333000211011001002223002022010101110003230222021011222100033220020211021020222232220330011212332010233322301222122231112300223011411002331220333030101401211132330233030114411001332332203000114104013122323330414401044431122320304110401141122133230340104410144201332303401404114402211023034044040242230302030304040042244333022300040400400444003320300400404440004443033344044400000040433003,
1010111444110222200211101441110112400222000104101444104200200111401414224242220210144414422002420022100141140202224000221101144040044422220001411440444040020002104400040242422022201114044402220202032200104042204022023300110140020444403323301001444240000443200301110114400044432333133011440044000320031344441144403330203033403311030430033300443330001334300330000400033331330330030344333030111103300333,
