1122211111001112000210001222022102200112110010210021102201120011102110221121100211222201011122112202110000212201202212200100022212223332112000111011100003321332010011441444302130321110001040434221303001011110040342213030101000010443403130001011101110443330303344401010040344030300004401044403340303330000444000300433303040440440033034044003440440044343334430334004003434443000330340000033304044443003,
1001101110111002022211101011000012220220010411001000100020021014001011110020220210140111000012200202101400122001120220021014044112221212002000104411202321102223010114144323222202330104400433303300200311444144300330302030140104104443403023320111441333344330230200014114444332302302444414411103222232200401104443030033320000401403344303023220444014430334332223330004040330343303322344443330003444330223,
1000111220000222200211112012022220020020040222122000020020224411012111110200220241101122200202220020414412120102200000200440121110122000000004040210011102222000401444011410111020004011041144331131022241044041410033313203411404441111030303330014401140001113300344411101033310130300440144411331300303000040004000113330033004440404444100300030040044000403330033034000004333303003300344440040003000030333,
1110001000110220202211011101110122022020000100101011210112200001411210001112200200104102002221220022011401022200221111021144101111121122022004111100022221220000440440111100120200004004004441011120222204044040100103203000044004041110332203330440040444133111300000000400040113333444004044000044114443400444004444044403330004004030000330300300400003303330303030334440003300300330330340333300000330303033,
1101011101101112200210111010101100122022100100001401010202001010110114001120020001110121040010200200100101121144022002001010022211144124420000111002002114422022101001102221140200221103010202120402020013330112041224002200131114044012420020220430144340444220202044301333440033220022043334443330030003000040434400033003330040444300403033303033440003004003000003034044030444033000330340044400033030033003,
1100101022200000002211001110221222220020010100220121110020220011011201220011220011010102210111011220110101000113010101120000101110333102112210011100110300321212111010004444303202114410444400303300220140014111443303300020044114134403000332000414441304034433020344104003334443030033004404440033330033030440040033004443030000044000434404000300004004443440033330300040000034033003003344400000303300000033,
1010022220022000002211100111200002220222022110221222200220000122111201111120000011120221102000200000010022110020222020220010010102220002220211101100100020000002100114401111011001204410040100001110012044104411311103011120411100413133303300330400444130113103030044400040031131130330000400044333131310334404040040031331130040040400404013033300440044040443131003030040404400333111303344440404400110333033,
1110001112000020022200101021020222022000001012201202020202200101120212000020222001101002120000220002110101121022202000220001001212042202022010112211222240023002101211220044422232221222012244222300320001121100440023003003401100113404033300304001000130443444403341101101344033334003410111414334004433034144004443440344333014114410300443334443441414143330344434334044114403033003340340040140003303303003,
1011110000011002200210000011111010220002101111002221102000021100101121120202220200110011211022200220011000010022000020021001100011220202220201141110103202000202110444011330202200020100414440322202200200110104030320330333011011140332003033000104444040322332000010040004330332220033104004443303000200331144033344403330303044043444004030033300004033004040300300304440033443044430003040044443333040300033,
1110001122101111000210101011221100200222000110121121122202000010110210020120200001100002100220122000010111001220221122000100122221111122002200141000100022203020111400011110000302001004033330011103222201104444033103323333114400333031032230004411440303303302000004404400000302203330400400444443332200300004040000030033330000440440004033003000040004044440330300304400004333330303003344000440000000033303,
